-0.876 0.946 -0.199 
-0.876 0.946 -0.199 
-0.876 0.946 -0.199 
-0.876 0.946 -0.199 
-0.876 0.946 -0.199 
-0.876 0.946 -0.199 
-0.876 0.946 -0.199 
-0.876 0.946 -0.199 
-0.876 0.946 -0.199 
-0.876 0.946 -0.199 
-0.876 0.946 -0.199 
-0.876 0.946 -0.199 
-0.876 0.946 -0.199 
-0.876 0.946 -0.199 
-0.876 0.946 -0.199 
-0.876 0.946 -0.199 
-0.876 0.946 -0.199 
-0.876 0.946 -0.199 
-0.876 0.946 -0.199 
-0.876 0.946 -0.199 
-0.876 0.946 -0.199 
-0.876 0.946 -0.199 
-0.876 0.946 -0.199 
-0.876 0.946 -0.199 
-0.876 0.946 -0.199 
-0.876 0.946 -0.199 
-0.876 0.946 -0.199 
-0.876 0.946 -0.199 
-0.876 0.946 -0.199 
-0.876 0.946 -0.199 
-0.876 0.946 -0.199 
-0.876 0.946 -0.199 
-0.876 0.946 -0.199 
-0.876 0.946 -0.199 
-0.876 0.946 -0.199 
-0.876 0.946 -0.199 
-0.876 0.946 -0.199 
-0.876 0.946 -0.199 
-0.876 0.946 -0.199 
-0.876 0.946 -0.199 
-0.876 0.946 -0.199 
-0.876 0.946 -0.199 
-0.876 0.946 -0.199 
-0.876 0.946 -0.199 
-0.876 0.946 -0.199 
-0.876 0.946 -0.199 
-0.876 0.946 -0.199 
-0.876 0.946 -0.199 
-0.876 0.946 -0.199 
-0.876 0.946 -0.199 
-0.876 0.946 -0.199 
-0.876 0.946 -0.199 
-0.876 0.946 -0.199 
-0.876 0.946 -0.199 
-0.876 0.946 -0.199 
-0.876 0.946 -0.199 
-0.876 0.946 -0.199 
-0.876 0.946 -0.199 
-0.876 0.946 -0.199 
-0.876 0.946 -0.199 
-0.876 0.946 -0.199 
-0.876 0.946 -0.199 
-0.876 0.946 -0.199 
-0.876 0.946 -0.199 
-0.876 0.946 -0.199 
-0.876 0.946 -0.199 
-0.876 0.946 -0.199 
-0.876 0.946 -0.199 
-0.876 0.946 -0.199 
-0.876 0.946 -0.199 
-0.876 0.946 -0.199 
-0.876 0.946 -0.199 
-0.876 0.946 -0.199 
-0.876 0.946 -0.199 
-0.876 0.946 -0.199 
-0.876 0.946 -0.199 
-0.876 0.946 -0.199 
-0.876 0.946 -0.199 
-0.876 0.946 -0.199 
-0.876 0.946 -0.199 
-0.876 0.946 -0.199 
-0.876 0.946 -0.199 
-0.876 0.946 -0.199 
-0.876 0.946 -0.199 
-0.876 0.946 -0.199 
-0.876 0.946 -0.199 
-0.876 0.946 -0.199 
-0.876 0.946 -0.199 
-0.876 0.946 -0.199 
-0.876 0.946 -0.199 
-0.876 0.946 -0.199 
-0.876 0.946 -0.199 
-0.876 0.946 -0.199 
-0.876 0.946 -0.199 
-0.876 0.946 -0.199 
-0.876 0.946 -0.199 
-0.876 0.946 -0.199 
-0.876 0.946 -0.199 
-0.876 0.946 -0.199 
-0.876 0.946 -0.199 
-0.876 0.946 -0.199 
-0.876 0.946 -0.199 
-0.876 0.946 -0.199 
-0.876 0.946 -0.199 
-0.876 0.946 -0.199 
-0.876 0.946 -0.199 
-0.876 0.946 -0.199 
-0.876 0.946 -0.199 
-0.876 0.946 -0.199 
-0.876 0.946 -0.199 
-0.876 0.946 -0.199 
-0.876 0.946 -0.199 
-0.876 0.946 -0.199 
-0.876 0.946 -0.199 
-0.876 0.946 -0.199 
-0.876 0.946 -0.199 
-0.876 0.946 -0.199 
-0.876 0.946 -0.199 
-0.876 0.946 -0.199 
-0.876 0.946 -0.199 
-0.876 0.946 -0.199 
-0.876 0.946 -0.199 
-0.876 0.946 -0.199 
-0.876 0.946 -0.200 
-0.874 0.946 -0.203 
-0.872 0.946 -0.207 
-0.870 0.945 -0.213 
-0.866 0.944 -0.221 
-0.862 0.943 -0.231 
-0.857 0.942 -0.243 
-0.852 0.941 -0.256 
-0.847 0.939 -0.270 
-0.841 0.938 -0.284 
-0.836 0.936 -0.300 
-0.830 0.934 -0.319 
-0.824 0.932 -0.340 
-0.818 0.930 -0.362 
-0.812 0.928 -0.377 
-0.807 0.926 -0.389 
-0.801 0.923 -0.400 
-0.795 0.921 -0.412 
-0.788 0.918 -0.418 
-0.782 0.915 -0.421 
-0.775 0.912 -0.425 
-0.769 0.909 -0.429 
-0.762 0.906 -0.432 
-0.755 0.903 -0.438 
-0.750 0.900 -0.448 
-0.744 0.897 -0.457 
-0.738 0.894 -0.468 
-0.732 0.891 -0.483 
-0.727 0.888 -0.498 
-0.721 0.885 -0.511 
-0.715 0.882 -0.521 
-0.709 0.879 -0.528 
-0.703 0.875 -0.532 
-0.697 0.871 -0.534 
-0.691 0.867 -0.537 
-0.684 0.864 -0.542 
-0.679 0.860 -0.545 
-0.673 0.857 -0.547 
-0.667 0.853 -0.546 
-0.661 0.849 -0.545 
-0.654 0.846 -0.546 
-0.648 0.842 -0.547 
-0.642 0.838 -0.549 
-0.636 0.834 -0.551 
-0.629 0.830 -0.551 
-0.623 0.827 -0.550 
-0.617 0.823 -0.550 
-0.611 0.819 -0.552 
-0.606 0.816 -0.553 
-0.600 0.812 -0.553 
-0.594 0.808 -0.551 
-0.588 0.805 -0.549 
-0.582 0.801 -0.548 
-0.575 0.797 -0.547 
-0.569 0.793 -0.547 
-0.563 0.789 -0.547 
-0.557 0.786 -0.546 
-0.551 0.782 -0.546 
-0.545 0.778 -0.546 
-0.538 0.775 -0.543 
-0.532 0.771 -0.540 
-0.526 0.767 -0.537 
-0.519 0.763 -0.532 
-0.513 0.760 -0.528 
-0.507 0.756 -0.523 
-0.501 0.752 -0.518 
-0.494 0.749 -0.513 
-0.488 0.745 -0.508 
-0.481 0.742 -0.502 
-0.475 0.738 -0.497 
-0.469 0.735 -0.493 
-0.462 0.731 -0.491 
-0.456 0.728 -0.488 
-0.450 0.725 -0.484 
-0.443 0.721 -0.483 
-0.437 0.718 -0.482 
-0.430 0.714 -0.480 
-0.424 0.711 -0.476 
-0.417 0.708 -0.472 
-0.411 0.704 -0.468 
-0.404 0.701 -0.467 
-0.398 0.698 -0.467 
-0.392 0.695 -0.462 
-0.386 0.692 -0.461 
-0.380 0.689 -0.463 
-0.374 0.686 -0.466 
-0.368 0.683 -0.466 
-0.362 0.680 -0.465 
-0.355 0.677 -0.460 
-0.349 0.674 -0.455 
-0.344 0.671 -0.450 
-0.340 0.669 -0.452 
-0.336 0.667 -0.459 
-0.333 0.666 -0.464 
-0.329 0.664 -0.470 
-0.326 0.662 -0.477 
-0.324 0.661 -0.487 
-0.322 0.660 -0.500 
-0.320 0.659 -0.517 
-0.320 0.659 -0.537 
-0.319 0.659 -0.560 
-0.320 0.659 -0.581 
-0.320 0.659 -0.591 
-0.320 0.659 -0.593 
-0.319 0.659 -0.597 
-0.320 0.659 -0.606 
-0.321 0.659 -0.619 
-0.322 0.660 -0.637 
-0.324 0.662 -0.660 
-0.326 0.663 -0.686 
-0.328 0.665 -0.709 
-0.330 0.667 -0.725 
-0.331 0.668 -0.741 
-0.331 0.668 -0.753 
-0.331 0.668 -0.759 
-0.331 0.668 -0.761 
-0.330 0.667 -0.761 
-0.330 0.667 -0.766 
-0.329 0.666 -0.777 
-0.329 0.666 -0.792 
-0.330 0.667 -0.809 
-0.331 0.668 -0.829 
-0.332 0.669 -0.848 
-0.333 0.670 -0.863 
-0.334 0.671 -0.875 
-0.334 0.672 -0.882 
-0.334 0.672 -0.885 
-0.334 0.672 -0.885 
-0.334 0.672 -0.883 
-0.334 0.671 -0.878 
-0.333 0.671 -0.872 
-0.333 0.670 -0.862 
-0.332 0.669 -0.858 
-0.331 0.668 -0.865 
-0.331 0.667 -0.875 
-0.330 0.666 -0.883 
-0.328 0.665 -0.889 
-0.326 0.662 -0.896 
-0.325 0.660 -0.908 
-0.322 0.657 -0.925 
-0.320 0.654 -0.942 
-0.317 0.650 -0.961 
-0.315 0.646 -0.984 
-0.312 0.641 -1.009 
-0.308 0.636 -1.032 
-0.305 0.631 -1.058 
-0.302 0.625 -1.081 
-0.299 0.620 -1.101 
-0.296 0.614 -1.121 
-0.294 0.608 -1.145 
-0.291 0.602 -1.171 
-0.289 0.596 -1.197 
-0.286 0.589 -1.226 
-0.284 0.583 -1.254 
-0.282 0.577 -1.282 
-0.280 0.570 -1.309 
-0.278 0.563 -1.333 
-0.277 0.556 -1.357 
-0.275 0.549 -1.379 
-0.274 0.542 -1.399 
-0.273 0.536 -1.420 
-0.272 0.529 -1.440 
-0.271 0.522 -1.461 
-0.271 0.516 -1.480 
-0.270 0.509 -1.499 
-0.270 0.502 -1.519 
-0.269 0.495 -1.538 
-0.269 0.488 -1.557 
-0.269 0.481 -1.573 
-0.269 0.474 -1.590 
-0.269 0.467 -1.604 
-0.270 0.460 -1.615 
-0.270 0.453 -1.627 
-0.270 0.446 -1.641 
-0.271 0.438 -1.653 
-0.272 0.431 -1.664 
-0.272 0.424 -1.677 
-0.273 0.417 -1.689 
-0.274 0.409 -1.701 
-0.275 0.402 -1.714 
-0.276 0.395 -1.726 
-0.277 0.388 -1.738 
-0.279 0.381 -1.755 
-0.280 0.374 -1.775 
-0.281 0.369 -1.798 
-0.282 0.364 -1.818 
-0.283 0.359 -1.832 
-0.285 0.355 -1.841 
-0.286 0.351 -1.851 
-0.287 0.348 -1.861 
-0.288 0.344 -1.871 
-0.289 0.340 -1.885 
-0.291 0.336 -1.902 
-0.292 0.331 -1.922 
-0.294 0.326 -1.939 
-0.296 0.322 -1.953 
-0.297 0.318 -1.964 
-0.299 0.313 -1.975 
-0.301 0.309 -1.982 
-0.303 0.305 -1.986 
-0.305 0.301 -1.988 
-0.307 0.297 -1.986 
-0.309 0.292 -1.984 
-0.310 0.288 -1.984 
-0.312 0.284 -1.979 
-0.314 0.279 -1.969 
-0.316 0.275 -1.962 
-0.318 0.270 -1.957 
-0.320 0.264 -1.954 
-0.323 0.258 -1.951 
-0.325 0.253 -1.949 
-0.327 0.248 -1.948 
-0.329 0.243 -1.943 
-0.331 0.238 -1.934 
-0.332 0.234 -1.925 
-0.334 0.229 -1.917 
-0.336 0.224 -1.913 
-0.338 0.218 -1.909 
-0.340 0.212 -1.898 
-0.342 0.206 -1.883 
-0.344 0.199 -1.867 
-0.346 0.193 -1.849 
-0.348 0.186 -1.831 
-0.349 0.180 -1.813 
-0.351 0.173 -1.796 
-0.352 0.167 -1.785 
-0.354 0.160 -1.775 
-0.355 0.153 -1.763 
-0.357 0.146 -1.750 
-0.358 0.139 -1.733 
-0.359 0.132 -1.716 
-0.360 0.125 -1.699 
-0.361 0.118 -1.684 
-0.361 0.111 -1.667 
-0.362 0.103 -1.650 
-0.363 0.096 -1.634 
-0.363 0.089 -1.618 
-0.363 0.082 -1.605 
-0.363 0.074 -1.592 
-0.364 0.067 -1.577 
-0.364 0.060 -1.562 
-0.363 0.053 -1.548 
-0.363 0.045 -1.532 
-0.363 0.038 -1.516 
-0.362 0.031 -1.501 
-0.362 0.024 -1.486 
-0.361 0.017 -1.471 
-0.360 0.010 -1.457 
-0.360 0.003 -1.443 
-0.359 -0.004 -1.432 
-0.358 -0.011 -1.422 
-0.357 -0.018 -1.409 
-0.355 -0.024 -1.395 
-0.354 -0.032 -1.378 
-0.353 -0.039 -1.360 
-0.351 -0.046 -1.343 
-0.349 -0.053 -1.325 
-0.348 -0.060 -1.306 
-0.346 -0.067 -1.287 
-0.344 -0.074 -1.270 
-0.341 -0.081 -1.253 
-0.339 -0.087 -1.236 
-0.337 -0.094 -1.218 
-0.334 -0.101 -1.203 
-0.331 -0.107 -1.188 
-0.329 -0.114 -1.173 
-0.326 -0.121 -1.159 
-0.323 -0.127 -1.146 
-0.320 -0.134 -1.133 
-0.317 -0.140 -1.118 
-0.314 -0.147 -1.104 
-0.310 -0.153 -1.089 
-0.307 -0.160 -1.074 
-0.303 -0.166 -1.060 
-0.300 -0.172 -1.044 
-0.296 -0.178 -1.027 
-0.293 -0.184 -1.012 
-0.289 -0.190 -0.998 
-0.285 -0.196 -0.985 
-0.281 -0.202 -0.976 
-0.277 -0.208 -0.967 
-0.273 -0.214 -0.954 
-0.268 -0.220 -0.942 
-0.264 -0.226 -0.929 
-0.260 -0.232 -0.917 
-0.255 -0.237 -0.906 
-0.251 -0.243 -0.896 
-0.246 -0.249 -0.885 
-0.242 -0.254 -0.875 
-0.238 -0.259 -0.865 
-0.233 -0.264 -0.850 
-0.229 -0.269 -0.835 
-0.224 -0.274 -0.821 
-0.219 -0.279 -0.810 
-0.215 -0.284 -0.799 
-0.210 -0.289 -0.788 
-0.205 -0.294 -0.778 
-0.200 -0.299 -0.770 
-0.195 -0.304 -0.762 
-0.189 -0.309 -0.755 
-0.184 -0.314 -0.749 
-0.179 -0.319 -0.740 
-0.173 -0.324 -0.732 
-0.168 -0.328 -0.723 
-0.163 -0.333 -0.715 
-0.157 -0.338 -0.710 
-0.152 -0.342 -0.704 
-0.147 -0.346 -0.696 
-0.141 -0.351 -0.687 
-0.136 -0.356 -0.681 
-0.130 -0.360 -0.675 
-0.124 -0.365 -0.671 
-0.119 -0.369 -0.669 
-0.113 -0.373 -0.667 
-0.108 -0.378 -0.665 
-0.102 -0.383 -0.663 
-0.096 -0.387 -0.661 
-0.090 -0.392 -0.658 
-0.084 -0.396 -0.654 
-0.079 -0.400 -0.651 
-0.073 -0.405 -0.650 
-0.067 -0.409 -0.649 
-0.062 -0.413 -0.649 
-0.056 -0.418 -0.650 
-0.050 -0.422 -0.651 
-0.045 -0.426 -0.653 
-0.039 -0.430 -0.656 
-0.034 -0.434 -0.659 
-0.029 -0.439 -0.661 
-0.023 -0.443 -0.661 
-0.018 -0.447 -0.661 
-0.013 -0.451 -0.658 
-0.007 -0.455 -0.659 
-0.002 -0.460 -0.658 
0.004 -0.464 -0.656 
0.010 -0.468 -0.658 
0.015 -0.473 -0.659 
0.021 -0.477 -0.657 
0.026 -0.481 -0.654 
0.032 -0.485 -0.655 
0.038 -0.490 -0.656 
0.044 -0.494 -0.659 
0.049 -0.499 -0.661 
0.055 -0.503 -0.663 
0.060 -0.508 -0.665 
0.066 -0.512 -0.667 
0.071 -0.516 -0.669 
0.077 -0.520 -0.671 
0.082 -0.525 -0.673 
0.088 -0.529 -0.674 
0.094 -0.534 -0.677 
0.099 -0.538 -0.679 
0.105 -0.543 -0.683 
0.110 -0.548 -0.689 
0.116 -0.552 -0.694 
0.122 -0.557 -0.701 
0.127 -0.561 -0.703 
0.132 -0.566 -0.706 
0.138 -0.571 -0.707 
0.143 -0.575 -0.710 
0.149 -0.580 -0.714 
0.154 -0.585 -0.717 
0.160 -0.590 -0.723 
0.165 -0.595 -0.730 
0.171 -0.599 -0.735 
0.176 -0.604 -0.741 
0.181 -0.609 -0.750 
0.186 -0.614 -0.758 
0.192 -0.619 -0.769 
0.197 -0.624 -0.780 
0.202 -0.629 -0.791 
0.207 -0.634 -0.801 
0.212 -0.639 -0.810 
0.217 -0.645 -0.818 
0.222 -0.650 -0.823 
0.227 -0.655 -0.831 
0.231 -0.661 -0.841 
0.236 -0.666 -0.848 
0.241 -0.671 -0.854 
0.246 -0.677 -0.860 
0.250 -0.682 -0.867 
0.255 -0.687 -0.873 
0.259 -0.693 -0.879 
0.264 -0.698 -0.887 
0.268 -0.704 -0.896 
0.273 -0.709 -0.906 
0.277 -0.715 -0.912 
0.281 -0.720 -0.918 
0.285 -0.726 -0.927 
0.289 -0.731 -0.934 
0.293 -0.737 -0.939 
0.297 -0.742 -0.943 
0.301 -0.748 -0.948 
0.305 -0.754 -0.955 
0.310 -0.759 -0.966 
0.314 -0.766 -0.977 
0.318 -0.772 -0.989 
0.322 -0.778 -1.000 
0.325 -0.784 -1.006 
0.329 -0.790 -1.010 
0.333 -0.796 -1.016 
0.337 -0.802 -1.024 
0.341 -0.808 -1.032 
0.344 -0.814 -1.039 
0.348 -0.820 -1.046 
0.351 -0.827 -1.054 
0.355 -0.833 -1.062 
0.359 -0.839 -1.071 
0.362 -0.846 -1.080 
0.365 -0.852 -1.089 
0.369 -0.859 -1.099 
0.372 -0.865 -1.108 
0.375 -0.872 -1.118 
0.378 -0.878 -1.128 
0.381 -0.885 -1.138 
0.384 -0.891 -1.148 
0.387 -0.898 -1.157 
0.390 -0.904 -1.165 
0.393 -0.911 -1.176 
0.396 -0.918 -1.186 
0.398 -0.924 -1.196 
0.401 -0.931 -1.205 
0.403 -0.938 -1.211 
0.406 -0.944 -1.217 
0.408 -0.950 -1.226 
0.410 -0.957 -1.229 
0.413 -0.963 -1.233 
0.415 -0.970 -1.240 
0.417 -0.977 -1.247 
0.420 -0.983 -1.253 
0.422 -0.990 -1.258 
0.424 -0.997 -1.263 
0.426 -1.004 -1.271 
0.428 -1.011 -1.279 
0.430 -1.018 -1.288 
0.432 -1.025 -1.296 
0.434 -1.031 -1.304 
0.436 -1.038 -1.315 
0.438 -1.045 -1.327 
0.439 -1.052 -1.338 
0.441 -1.059 -1.344 
0.442 -1.065 -1.349 
0.444 -1.072 -1.355 
0.445 -1.079 -1.359 
0.447 -1.085 -1.364 
0.448 -1.092 -1.371 
0.450 -1.099 -1.382 
0.451 -1.106 -1.393 
0.452 -1.113 -1.403 
0.453 -1.121 -1.414 
0.454 -1.128 -1.424 
0.455 -1.135 -1.434 
0.456 -1.142 -1.448 
0.457 -1.150 -1.464 
0.458 -1.157 -1.478 
0.458 -1.164 -1.494 
0.459 -1.170 -1.509 
0.459 -1.177 -1.523 
0.460 -1.185 -1.537 
0.460 -1.192 -1.549 
0.460 -1.199 -1.561 
0.460 -1.206 -1.574 
0.460 -1.213 -1.587 
0.460 -1.220 -1.599 
0.459 -1.227 -1.615 
0.459 -1.234 -1.629 
0.459 -1.241 -1.642 
0.458 -1.248 -1.654 
0.457 -1.255 -1.663 
0.457 -1.262 -1.673 
0.456 -1.269 -1.684 
0.455 -1.276 -1.692 
0.454 -1.283 -1.700 
0.453 -1.290 -1.709 
0.452 -1.297 -1.718 
0.451 -1.303 -1.726 
0.450 -1.310 -1.736 
0.449 -1.316 -1.744 
0.448 -1.322 -1.751 
0.447 -1.328 -1.762 
0.446 -1.334 -1.773 
0.444 -1.341 -1.780 
0.443 -1.348 -1.788 
0.442 -1.354 -1.798 
0.440 -1.360 -1.807 
0.439 -1.366 -1.814 
0.437 -1.372 -1.822 
0.436 -1.378 -1.830 
0.434 -1.384 -1.844 
0.432 -1.390 -1.859 
0.430 -1.397 -1.872 
0.428 -1.403 -1.885 
0.426 -1.409 -1.897 
0.424 -1.415 -1.905 
0.422 -1.422 -1.908 
0.419 -1.429 -1.906 
0.417 -1.435 -1.905 
0.415 -1.442 -1.908 
0.412 -1.449 -1.911 
0.410 -1.456 -1.915 
0.407 -1.463 -1.921 
0.405 -1.470 -1.932 
0.402 -1.476 -1.946 
0.400 -1.483 -1.960 
0.397 -1.489 -1.974 
0.394 -1.495 -1.986 
0.392 -1.501 -1.996 
0.389 -1.507 -2.006 
0.386 -1.513 -2.015 
0.383 -1.519 -2.029 
0.380 -1.525 -2.042 
0.378 -1.530 -2.050 
0.375 -1.536 -2.061 
0.372 -1.540 -2.072 
0.369 -1.545 -2.079 
0.366 -1.551 -2.086 
0.364 -1.556 -2.093 
0.361 -1.560 -2.099 
0.358 -1.565 -2.107 
0.355 -1.570 -2.114 
0.353 -1.574 -2.121 
0.350 -1.578 -2.127 
0.348 -1.582 -2.132 
0.345 -1.586 -2.137 
0.343 -1.590 -2.143 
0.340 -1.594 -2.148 
0.338 -1.597 -2.152 
0.336 -1.601 -2.157 
0.333 -1.604 -2.162 
0.331 -1.608 -2.168 
0.328 -1.611 -2.177 
0.326 -1.614 -2.183 
0.324 -1.617 -2.188 
0.322 -1.621 -2.192 
0.319 -1.624 -2.195 
0.317 -1.627 -2.199 
0.315 -1.630 -2.203 
0.313 -1.633 -2.209 
0.311 -1.636 -2.214 
0.308 -1.639 -2.221 
0.306 -1.642 -2.228 
0.303 -1.645 -2.234 
0.301 -1.649 -2.240 
0.298 -1.652 -2.246 
0.296 -1.655 -2.251 
0.293 -1.658 -2.258 
0.291 -1.661 -2.266 
0.289 -1.663 -2.277 
0.288 -1.664 -2.289 
0.287 -1.666 -2.303 
0.286 -1.666 -2.318 
0.286 -1.667 -2.332 
0.286 -1.667 -2.346 
0.286 -1.666 -2.360 
0.287 -1.665 -2.375 
0.289 -1.664 -2.390 
0.291 -1.662 -2.406 
0.294 -1.659 -2.422 
0.298 -1.656 -2.436 
0.302 -1.652 -2.446 
0.307 -1.649 -2.451 
0.311 -1.645 -2.450 
0.316 -1.641 -2.447 
0.321 -1.636 -2.445 
0.326 -1.632 -2.444 
0.331 -1.628 -2.443 
0.337 -1.623 -2.446 
0.342 -1.619 -2.448 
0.348 -1.614 -2.448 
0.353 -1.610 -2.444 
0.359 -1.605 -2.439 
0.364 -1.600 -2.435 
0.370 -1.595 -2.429 
0.375 -1.591 -2.421 
0.381 -1.586 -2.412 
0.386 -1.581 -2.406 
0.391 -1.577 -2.402 
0.396 -1.572 -2.398 
0.401 -1.567 -2.396 
0.407 -1.562 -2.396 
0.412 -1.558 -2.395 
0.417 -1.553 -2.401 
0.422 -1.548 -2.412 
0.428 -1.543 -2.422 
0.433 -1.538 -2.428 
0.439 -1.534 -2.429 
0.444 -1.529 -2.431 
0.450 -1.524 -2.430 
0.455 -1.519 -2.426 
0.461 -1.515 -2.421 
0.466 -1.510 -2.416 
0.472 -1.505 -2.412 
0.477 -1.500 -2.408 
0.482 -1.495 -2.408 
0.488 -1.490 -2.409 
0.493 -1.485 -2.411 
0.499 -1.481 -2.413 
0.504 -1.476 -2.415 
0.509 -1.472 -2.416 
0.514 -1.467 -2.419 
0.518 -1.463 -2.421 
0.523 -1.459 -2.422 
0.528 -1.455 -2.425 
0.532 -1.451 -2.425 
0.536 -1.447 -2.426 
0.541 -1.443 -2.426 
0.545 -1.440 -2.426 
0.550 -1.436 -2.427 
0.554 -1.432 -2.429 
0.558 -1.428 -2.432 
0.562 -1.425 -2.439 
0.567 -1.421 -2.447 
0.571 -1.418 -2.454 
0.576 -1.414 -2.458 
0.580 -1.410 -2.461 
0.584 -1.407 -2.463 
0.589 -1.403 -2.463 
0.593 -1.400 -2.468 
0.597 -1.397 -2.477 
0.601 -1.394 -2.486 
0.605 -1.390 -2.490 
0.609 -1.388 -2.492 
0.612 -1.385 -2.498 
0.616 -1.382 -2.500 
0.620 -1.379 -2.500 
0.624 -1.376 -2.501 
0.628 -1.373 -2.503 
0.631 -1.371 -2.506 
0.634 -1.369 -2.512 
0.638 -1.366 -2.520 
0.641 -1.364 -2.531 
0.645 -1.361 -2.541 
0.648 -1.359 -2.550 
0.651 -1.357 -2.556 
0.654 -1.355 -2.562 
0.658 -1.352 -2.570 
0.662 -1.350 -2.577 
0.666 -1.347 -2.584 
0.670 -1.345 -2.596 
0.674 -1.343 -2.610 
0.678 -1.340 -2.625 
0.681 -1.338 -2.639 
0.685 -1.337 -2.655 
0.687 -1.335 -2.676 
0.690 -1.334 -2.700 
0.692 -1.333 -2.728 
0.693 -1.333 -2.759 
0.694 -1.332 -2.794 
0.694 -1.332 -2.829 
0.693 -1.332 -2.865 
0.693 -1.332 -2.900 
0.692 -1.333 -2.930 
0.690 -1.333 -2.955 
0.689 -1.333 -2.975 
0.687 -1.334 -2.989 
0.685 -1.334 -3.000 
0.682 -1.334 -3.010 
0.678 -1.335 -3.024 
0.675 -1.335 -3.045 
0.671 -1.335 -3.065 
0.667 -1.336 -3.084 
0.663 -1.336 -3.101 
0.658 -1.336 -3.120 
0.654 -1.336 -3.139 
0.648 -1.336 3.128 
0.643 -1.336 3.115 
0.637 -1.336 3.107 
0.631 -1.336 3.101 
0.625 -1.335 3.090 
0.620 -1.335 3.079 
0.616 -1.335 3.070 
0.612 -1.334 3.058 
0.607 -1.334 3.044 
0.602 -1.333 3.028 
0.596 -1.333 3.007 
0.590 -1.332 2.982 
0.584 -1.331 2.955 
0.577 -1.329 2.927 
0.571 -1.328 2.900 
0.564 -1.326 2.874 
0.558 -1.324 2.847 
0.551 -1.322 2.820 
0.545 -1.320 2.792 
0.538 -1.317 2.767 
0.532 -1.315 2.740 
0.525 -1.312 2.712 
0.518 -1.309 2.682 
0.512 -1.306 2.654 
0.506 -1.302 2.625 
0.500 -1.299 2.598 
0.494 -1.295 2.574 
0.489 -1.291 2.549 
0.483 -1.287 2.524 
0.477 -1.283 2.500 
0.471 -1.279 2.476 
0.466 -1.274 2.453 
0.460 -1.270 2.429 
0.455 -1.265 2.405 
0.450 -1.260 2.382 
0.445 -1.255 2.362 
0.440 -1.250 2.344 
0.435 -1.245 2.326 
0.430 -1.240 2.310 
0.425 -1.234 2.292 
0.421 -1.229 2.277 
0.416 -1.224 2.265 
0.412 -1.219 2.252 
0.408 -1.213 2.239 
0.403 -1.207 2.229 
0.399 -1.202 2.218 
0.394 -1.196 2.207 
0.390 -1.190 2.197 
0.386 -1.184 2.187 
0.382 -1.178 2.177 
0.378 -1.173 2.170 
0.374 -1.167 2.165 
0.370 -1.161 2.156 
0.367 -1.156 2.140 
0.364 -1.151 2.124 
0.361 -1.146 2.116 
0.358 -1.142 2.108 
0.356 -1.138 2.101 
0.353 -1.133 2.094 
0.350 -1.129 2.087 
0.348 -1.124 2.081 
0.345 -1.119 2.075 
0.342 -1.114 2.072 
0.339 -1.108 2.071 
0.336 -1.102 2.065 
0.333 -1.097 2.054 
0.331 -1.092 2.040 
0.328 -1.088 2.026 
0.326 -1.084 2.014 
0.325 -1.080 2.006 
0.323 -1.076 1.999 
0.321 -1.073 1.987 
0.320 -1.069 1.971 
0.318 -1.064 1.952 
0.316 -1.060 1.936 
0.314 -1.055 1.924 
0.312 -1.050 1.914 
0.311 -1.044 1.907 
0.309 -1.039 1.902 
0.307 -1.034 1.898 
0.305 -1.028 1.895 
0.303 -1.022 1.899 
0.301 -1.015 1.901 
0.299 -1.009 1.903 
0.297 -1.004 1.908 
0.295 -0.998 1.909 
0.292 -0.992 1.908 
0.290 -0.986 1.907 
0.288 -0.979 1.909 
0.286 -0.974 1.912 
0.284 -0.968 1.917 
0.282 -0.961 1.926 
0.279 -0.955 1.938 
0.277 -0.949 1.949 
0.274 -0.942 1.965 
0.271 -0.936 1.982 
0.268 -0.929 1.999 
0.265 -0.923 2.015 
0.262 -0.916 2.030 
0.259 -0.910 2.046 
0.256 -0.904 2.063 
0.252 -0.897 2.080 
0.249 -0.891 2.096 
0.245 -0.885 2.111 
0.242 -0.879 2.125 
0.238 -0.873 2.139 
0.234 -0.867 2.156 
0.230 -0.861 2.173 
0.226 -0.855 2.190 
0.221 -0.849 2.205 
0.217 -0.843 2.218 
0.213 -0.838 2.232 
0.208 -0.832 2.244 
0.204 -0.826 2.255 
0.199 -0.821 2.266 
0.194 -0.815 2.278 
0.190 -0.810 2.286 
0.185 -0.805 2.294 
0.181 -0.800 2.307 
0.176 -0.794 2.321 
0.171 -0.789 2.335 
0.166 -0.784 2.349 
0.162 -0.780 2.354 
0.158 -0.776 2.358 
0.153 -0.771 2.362 
0.148 -0.766 2.366 
0.143 -0.762 2.371 
0.139 -0.757 2.375 
0.134 -0.752 2.380 
0.129 -0.748 2.388 
0.124 -0.743 2.401 
0.118 -0.738 2.415 
0.113 -0.733 2.429 
0.107 -0.729 2.444 
0.102 -0.724 2.459 
0.096 -0.720 2.472 
0.091 -0.715 2.487 
0.085 -0.711 2.502 
0.079 -0.707 2.516 
0.073 -0.703 2.530 
0.068 -0.699 2.542 
0.062 -0.695 2.555 
0.057 -0.691 2.562 
0.051 -0.688 2.566 
0.045 -0.684 2.575 
0.039 -0.680 2.587 
0.033 -0.676 2.599 
0.027 -0.673 2.611 
0.021 -0.669 2.622 
0.014 -0.665 2.633 
0.008 -0.662 2.644 
0.002 -0.659 2.655 
-0.005 -0.655 2.664 
-0.011 -0.652 2.673 
-0.017 -0.649 2.683 
-0.023 -0.646 2.691 
-0.029 -0.643 2.701 
-0.035 -0.640 2.704 
-0.041 -0.638 2.705 
-0.047 -0.635 2.710 
-0.054 -0.632 2.718 
-0.061 -0.629 2.726 
-0.067 -0.626 2.734 
-0.074 -0.623 2.742 
-0.081 -0.620 2.750 
-0.087 -0.618 2.757 
-0.094 -0.615 2.764 
-0.100 -0.612 2.772 
-0.107 -0.610 2.780 
-0.114 -0.607 2.787 
-0.120 -0.605 2.792 
-0.126 -0.603 2.798 
-0.133 -0.600 2.805 
-0.140 -0.598 2.812 
-0.147 -0.596 2.818 
-0.154 -0.593 2.824 
-0.160 -0.591 2.829 
-0.167 -0.589 2.835 
-0.174 -0.587 2.842 
-0.181 -0.585 2.848 
-0.188 -0.583 2.853 
-0.195 -0.581 2.862 
-0.201 -0.579 2.872 
-0.208 -0.577 2.881 
-0.215 -0.575 2.885 
-0.222 -0.573 2.886 
-0.229 -0.572 2.890 
-0.236 -0.570 2.894 
-0.242 -0.568 2.899 
-0.249 -0.567 2.903 
-0.256 -0.565 2.905 
-0.263 -0.563 2.908 
-0.270 -0.562 2.909 
-0.277 -0.560 2.909 
-0.283 -0.558 2.909 
-0.290 -0.557 2.912 
-0.297 -0.555 2.917 
-0.304 -0.553 2.922 
-0.312 -0.552 2.926 
-0.319 -0.550 2.931 
-0.326 -0.549 2.935 
-0.333 -0.547 2.939 
-0.340 -0.546 2.943 
-0.347 -0.544 2.947 
-0.355 -0.543 2.951 
-0.362 -0.542 2.954 
-0.369 -0.540 2.956 
-0.376 -0.539 2.957 
-0.383 -0.538 2.960 
-0.389 -0.536 2.964 
-0.396 -0.535 2.968 
-0.403 -0.534 2.974 
-0.410 -0.533 2.979 
-0.417 -0.532 2.984 
-0.425 -0.531 2.990 
-0.432 -0.530 2.996 
-0.439 -0.529 3.002 
-0.446 -0.527 3.008 
-0.454 -0.527 3.013 
-0.461 -0.526 3.017 
-0.468 -0.525 3.020 
-0.475 -0.524 3.023 
-0.482 -0.523 3.027 
-0.489 -0.522 3.032 
-0.497 -0.521 3.037 
-0.504 -0.521 3.042 
-0.511 -0.520 3.046 
-0.518 -0.519 3.051 
-0.526 -0.519 3.055 
-0.533 -0.518 3.058 
-0.540 -0.518 3.063 
-0.546 -0.517 3.067 
-0.554 -0.516 3.068 
-0.560 -0.516 3.068 
-0.567 -0.515 3.067 
-0.574 -0.515 3.068 
-0.581 -0.514 3.071 
-0.589 -0.514 3.075 
-0.596 -0.513 3.079 
-0.603 -0.513 3.083 
-0.611 -0.513 3.087 
-0.618 -0.512 3.091 
-0.625 -0.512 3.094 
-0.633 -0.512 3.098 
-0.640 -0.511 3.102 
-0.647 -0.511 3.106 
-0.655 -0.511 3.108 
-0.662 -0.510 3.109 
-0.669 -0.510 3.110 
-0.676 -0.510 3.112 
-0.683 -0.510 3.115 
-0.690 -0.510 3.118 
-0.697 -0.509 3.122 
-0.704 -0.509 3.124 
-0.711 -0.509 3.127 
-0.719 -0.509 3.130 
-0.726 -0.509 3.129 
-0.732 -0.509 3.128 
-0.739 -0.509 3.128 
-0.746 -0.509 3.128 
-0.753 -0.509 3.127 
-0.760 -0.509 3.126 
-0.767 -0.508 3.125 
-0.774 -0.508 3.126 
-0.781 -0.508 3.128 
-0.789 -0.508 3.131 
-0.796 -0.508 3.134 
-0.803 -0.508 3.137 
-0.811 -0.508 3.139 
-0.818 -0.508 3.141 
-0.825 -0.508 -3.140 
-0.832 -0.508 -3.139 
-0.839 -0.508 -3.138 
-0.846 -0.508 -3.137 
-0.853 -0.508 -3.137 
-0.860 -0.508 -3.137 
-0.867 -0.508 -3.137 
-0.874 -0.508 -3.137 
-0.881 -0.508 -3.137 
-0.889 -0.508 -3.137 
-0.896 -0.508 -3.138 
-0.903 -0.508 -3.138 
-0.911 -0.508 -3.138 
-0.918 -0.508 -3.138 
-0.925 -0.508 -3.139 
-0.933 -0.508 -3.139 
-0.940 -0.508 -3.140 
-0.947 -0.508 -3.141 
-0.954 -0.508 -3.141 
-0.961 -0.508 3.140 
-0.969 -0.508 3.135 
-0.976 -0.508 3.130 
-0.983 -0.508 3.128 
-0.990 -0.508 3.127 
-0.997 -0.508 3.126 
-1.004 -0.508 3.124 
-1.011 -0.508 3.119 
-1.018 -0.508 3.115 
-1.026 -0.507 3.111 
-1.033 -0.507 3.107 
-1.040 -0.507 3.104 
-1.048 -0.507 3.101 
-1.055 -0.506 3.098 
-1.062 -0.506 3.093 
-1.069 -0.506 3.088 
-1.077 -0.505 3.084 
-1.084 -0.505 3.079 
-1.091 -0.504 3.080 
-1.098 -0.504 3.077 
-1.105 -0.503 3.072 
-1.112 -0.503 3.067 
-1.119 -0.502 3.063 
-1.126 -0.502 3.058 
-1.134 -0.501 3.053 
-1.141 -0.500 3.047 
-1.148 -0.500 3.042 
-1.155 -0.499 3.034 
-1.162 -0.498 3.026 
-1.169 -0.497 3.017 
-1.176 -0.497 3.007 
-1.183 -0.496 2.997 
-1.190 -0.494 2.987 
-1.197 -0.493 2.978 
-1.204 -0.492 2.970 
-1.211 -0.491 2.961 
-1.218 -0.489 2.950 
-1.225 -0.488 2.940 
-1.232 -0.487 2.930 
-1.240 -0.485 2.921 
-1.247 -0.483 2.912 
-1.254 -0.482 2.904 
-1.261 -0.480 2.896 
-1.268 -0.478 2.888 
-1.275 -0.476 2.879 
-1.282 -0.475 2.874 
-1.288 -0.473 2.876 
-1.293 -0.471 2.883 
-1.298 -0.470 2.895 
-1.302 -0.469 2.910 
-1.306 -0.468 2.927 
-1.309 -0.468 2.945 
-1.312 -0.467 2.965 
-1.314 -0.467 2.986 
-1.315 -0.467 3.004 
-1.317 -0.466 3.018 
-1.317 -0.466 3.028 
-1.318 -0.466 3.033 
-1.318 -0.466 3.035 
-1.318 -0.466 3.035 
-1.318 -0.466 3.035 
-1.318 -0.466 3.035 
-1.318 -0.466 3.035 
-1.318 -0.466 3.035 
-1.318 -0.466 3.035 
-1.318 -0.466 3.035 
-1.318 -0.466 3.035 
-1.318 -0.466 3.035 
-1.318 -0.466 3.035 
-1.318 -0.466 3.035 
-1.318 -0.466 3.035 
-1.318 -0.466 3.035 
-1.318 -0.466 3.035 
-1.318 -0.466 3.035 
-1.318 -0.466 3.035 
-1.318 -0.466 3.035 
-1.318 -0.466 3.035 
-1.318 -0.466 3.035 
-1.318 -0.466 3.035 
-1.318 -0.466 3.035 
-1.318 -0.466 3.035 
-1.318 -0.466 3.035 
-1.318 -0.466 3.035 
-1.318 -0.466 3.035 
-1.318 -0.466 3.035 
-1.318 -0.466 3.035 
-1.318 -0.466 3.035 
-1.318 -0.466 3.035 
-1.318 -0.466 3.035 
-1.318 -0.466 3.035 
-1.318 -0.466 3.035 
-1.318 -0.466 3.035 
-1.318 -0.466 3.035 
-1.318 -0.466 3.035 
-1.318 -0.466 3.035 
-1.318 -0.466 3.035 
-1.318 -0.466 3.035 
-1.318 -0.466 3.035 
-1.318 -0.466 3.035 
-1.318 -0.466 3.035 
-1.318 -0.466 3.035 
-1.318 -0.466 3.035 
-1.318 -0.466 3.035 
-1.318 -0.466 3.035 
-1.318 -0.466 3.035 
-1.318 -0.466 3.035 
-1.318 -0.466 3.035 
-1.318 -0.466 3.035 
-1.318 -0.466 3.035 
-1.318 -0.466 3.035 
-1.318 -0.466 3.035 
-1.318 -0.466 3.035 
-1.318 -0.466 3.035 
-1.318 -0.466 3.035 
-1.318 -0.466 3.035 
-1.318 -0.466 3.035 
-1.318 -0.466 3.035 
-1.318 -0.466 3.035 
-1.318 -0.466 3.035 
-1.318 -0.466 3.035 
-1.318 -0.466 3.035 
-1.318 -0.466 3.035 
-1.318 -0.466 3.035 
-1.318 -0.466 3.035 
-1.318 -0.466 3.035 
-1.318 -0.466 3.035 
-1.318 -0.466 3.035 
-1.318 -0.466 3.035 
-1.318 -0.466 3.035 
-1.318 -0.466 3.035 
-1.318 -0.466 3.035 
-1.318 -0.466 3.035 
-1.318 -0.466 3.035 
-1.318 -0.466 3.035 
-1.318 -0.466 3.035 
-1.318 -0.466 3.035 
-1.318 -0.466 3.035 
-1.318 -0.466 3.035 
-1.318 -0.466 3.035 
-1.318 -0.466 3.035 
-1.318 -0.466 3.035 
-1.318 -0.466 3.035 
-1.318 -0.466 3.035 
-1.318 -0.466 3.035 
-1.318 -0.466 3.035 
-1.318 -0.466 3.035 
-1.318 -0.466 3.035 
-1.318 -0.466 3.035 
-1.318 -0.466 3.035 
-1.318 -0.466 3.035 
-1.318 -0.466 3.035 
-1.318 -0.466 3.035 
-1.318 -0.466 3.035 
-1.318 -0.466 3.035 
-1.318 -0.466 3.035 
-1.318 -0.466 3.035 
-1.318 -0.466 3.035 
-1.318 -0.466 3.035 
-1.318 -0.466 3.035 
-1.318 -0.466 3.035 
-1.318 -0.466 3.035 
-1.318 -0.466 3.035 
-1.318 -0.466 3.035 
-1.318 -0.466 3.035 
-1.318 -0.466 3.035 
-1.318 -0.466 3.035 
-1.318 -0.466 3.035 
-1.318 -0.466 3.035 
-1.318 -0.466 3.035 
-1.318 -0.466 3.035 
-1.318 -0.466 3.035 
-1.318 -0.466 3.035 
-1.318 -0.466 3.035 
-1.318 -0.466 3.035 
-1.318 -0.466 3.035 
-1.318 -0.466 3.035 
-1.318 -0.466 3.035 
-1.318 -0.466 3.035 
-1.318 -0.466 3.035 
-1.318 -0.466 3.035 
-1.318 -0.466 3.035 
-1.318 -0.466 3.035 
-1.318 -0.466 3.035 
-1.318 -0.466 3.035 
-1.318 -0.466 3.035 
-1.318 -0.466 3.035 
-1.318 -0.466 3.035 
-1.318 -0.466 3.035 
-1.318 -0.466 3.035 
-1.318 -0.466 3.035 
-1.318 -0.466 3.035 
-1.318 -0.466 3.035 
-1.318 -0.466 3.035 
-1.318 -0.466 3.035 
-1.318 -0.466 3.035 
-1.318 -0.466 3.035 
-1.318 -0.466 3.035 
-1.318 -0.466 3.035 
-1.318 -0.466 3.035 
-1.318 -0.466 3.035 
-1.318 -0.466 3.035 
-1.318 -0.466 3.035 
-1.318 -0.466 3.035 
-1.318 -0.466 3.035 
-1.318 -0.466 3.035 
-1.318 -0.466 3.035 
-1.318 -0.466 3.035 
-1.318 -0.466 3.035 
-1.318 -0.466 3.035 
-1.318 -0.466 3.035 
-1.318 -0.466 3.035 
-1.318 -0.466 3.035 
-1.318 -0.466 3.035 
-1.318 -0.466 3.035 
-1.318 -0.466 3.035 
-1.318 -0.466 3.035 
-1.318 -0.466 3.035 
-1.318 -0.466 3.035 
-1.318 -0.466 3.035 
-1.318 -0.466 3.035 
-1.318 -0.466 3.035 
-1.318 -0.466 3.035 
-1.318 -0.466 3.035 
-1.318 -0.466 3.035 
-1.318 -0.466 3.035 
-1.318 -0.466 3.035 
-1.318 -0.466 3.035 
-1.318 -0.466 3.035 
-1.318 -0.466 3.035 
-1.318 -0.466 3.035 
-1.318 -0.466 3.035 
-1.318 -0.466 3.035 
-1.318 -0.466 3.035 
-1.318 -0.466 3.035 
-1.318 -0.466 3.035 
-1.318 -0.466 3.035 
-1.318 -0.466 3.035 
-1.318 -0.466 3.035 
-1.318 -0.466 3.035 
-1.318 -0.466 3.035 
-1.318 -0.466 3.035 
-1.318 -0.466 3.035 
-1.318 -0.466 3.035 
-1.318 -0.466 3.035 
-1.318 -0.466 3.035 
-1.318 -0.466 3.035 
-1.318 -0.466 3.035 
-1.318 -0.466 3.035 
-1.318 -0.466 3.035 
-1.318 -0.466 3.035 
-1.318 -0.466 3.035 
-1.318 -0.466 3.035 
-1.318 -0.466 3.035 
-1.318 -0.466 3.035 
-1.318 -0.466 3.035 
-1.318 -0.466 3.035 
-1.318 -0.466 3.035 
-1.318 -0.466 3.035 
-1.318 -0.466 3.035 
-1.318 -0.466 3.035 
-1.318 -0.466 3.035 
-1.318 -0.466 3.035 
-1.318 -0.466 3.035 
-1.318 -0.466 3.035 
-1.318 -0.466 3.035 
-1.318 -0.466 3.035 
-1.318 -0.466 3.035 
-1.318 -0.466 3.035 
-1.318 -0.466 3.035 
-1.318 -0.466 3.035 
-1.318 -0.466 3.035 
-1.318 -0.466 3.035 
-1.318 -0.466 3.035 
-1.318 -0.466 3.035 
-1.318 -0.466 3.035 
-1.318 -0.466 3.035 
-1.318 -0.466 3.035 
-1.318 -0.466 3.035 
-1.318 -0.466 3.035 
-1.318 -0.466 3.035 
-1.318 -0.466 3.035 
-1.318 -0.466 3.035 
-1.318 -0.466 3.035 
-1.318 -0.466 3.035 
-1.318 -0.466 3.035 
-1.318 -0.466 3.035 
-1.318 -0.466 3.035 
-1.318 -0.466 3.035 
-1.318 -0.466 3.035 
-1.318 -0.466 3.035 
-1.318 -0.466 3.035 
-1.318 -0.466 3.035 
-1.318 -0.466 3.035 
-1.318 -0.466 3.035 
-1.318 -0.466 3.035 
-1.318 -0.466 3.035 
-1.318 -0.466 3.035 
-1.318 -0.466 3.035 
-1.318 -0.466 3.035 
-1.318 -0.466 3.035 
-1.318 -0.466 3.035 
-1.318 -0.466 3.035 
-1.318 -0.466 3.035 
-1.318 -0.466 3.035 
-1.318 -0.466 3.035 
-1.318 -0.466 3.035 
-1.318 -0.466 3.035 
-1.318 -0.466 3.035 
-1.318 -0.466 3.035 
-1.318 -0.466 3.035 
-1.318 -0.466 3.035 
-1.318 -0.466 3.035 
-1.318 -0.466 3.035 
-1.318 -0.466 3.035 
-1.318 -0.466 3.035 
-1.318 -0.466 3.035 
-1.318 -0.466 3.035 
-1.318 -0.466 3.035 
-1.318 -0.466 3.035 
-1.318 -0.466 3.035 
-1.318 -0.466 3.035 
-1.318 -0.466 3.035 
-1.318 -0.466 3.035 
-1.318 -0.466 3.035 
-1.318 -0.466 3.035 
-1.318 -0.466 3.035 
-1.318 -0.466 3.035 
-1.318 -0.466 3.035 
-1.318 -0.466 3.035 
-1.318 -0.466 3.035 
-1.318 -0.466 3.035 
-1.318 -0.466 3.035 
-1.318 -0.466 3.035 
-1.318 -0.466 3.035 
-1.318 -0.466 3.035 
-1.318 -0.466 3.035 
-1.318 -0.466 3.035 
-1.318 -0.466 3.035 
-1.318 -0.466 3.035 
-1.318 -0.466 3.035 
-1.318 -0.466 3.035 
-1.318 -0.466 3.035 
-1.318 -0.466 3.035 
-1.318 -0.466 3.035 
-1.318 -0.466 3.035 
-1.318 -0.466 3.035 
-1.318 -0.466 3.035 
-1.318 -0.466 3.035 
-1.318 -0.466 3.035 
-1.318 -0.466 3.035 
-1.318 -0.466 3.035 
-1.318 -0.466 3.035 
-1.318 -0.466 3.035 
-1.318 -0.466 3.035 
-1.318 -0.466 3.035 
-1.318 -0.466 3.035 
-1.318 -0.466 3.035 
-1.318 -0.466 3.035 
-1.318 -0.466 3.035 
-1.318 -0.466 3.035 
-1.318 -0.466 3.035 
-1.318 -0.466 3.035 
-1.318 -0.466 3.035 
-1.318 -0.466 3.035 
-1.318 -0.466 3.035 
-1.318 -0.466 3.035 
-1.318 -0.466 3.035 
-1.318 -0.466 3.035 
-1.318 -0.466 3.035 
-1.318 -0.466 3.035 
-1.318 -0.466 3.035 
-1.318 -0.466 3.035 
-1.318 -0.466 3.035 
-1.318 -0.466 3.035 
-1.318 -0.466 3.035 
-1.318 -0.466 3.035 
-1.318 -0.466 3.035 
-1.318 -0.466 3.035 
-1.318 -0.466 3.035 
-1.318 -0.466 3.035 
-1.318 -0.466 3.035 
-1.318 -0.466 3.035 
-1.318 -0.466 3.035 
-1.318 -0.466 3.035 
-1.318 -0.466 3.035 
-1.318 -0.466 3.035 
-1.318 -0.466 3.035 
-1.318 -0.466 3.035 
-1.318 -0.466 3.035 
-1.318 -0.466 3.035 
-1.318 -0.466 3.035 
-1.318 -0.466 3.035 
-1.318 -0.466 3.035 
-1.318 -0.466 3.035 
-1.318 -0.466 3.035 
-1.318 -0.466 3.035 
-1.318 -0.466 3.035 
-1.318 -0.466 3.035 
-1.318 -0.466 3.035 
-1.318 -0.466 3.035 
-1.318 -0.466 3.035 
-1.318 -0.466 3.035 
-1.318 -0.466 3.035 
-1.318 -0.466 3.035 
-1.318 -0.466 3.035 
-1.318 -0.466 3.035 
-1.318 -0.466 3.035 
-1.318 -0.466 3.035 
-1.318 -0.466 3.035 
-1.318 -0.466 3.035 
-1.318 -0.466 3.035 
-1.318 -0.466 3.035 
-1.318 -0.466 3.035 
-1.318 -0.466 3.035 
-1.318 -0.466 3.035 
-1.318 -0.466 3.035 
-1.318 -0.466 3.035 
-1.318 -0.466 3.035 
-1.318 -0.466 3.035 
-1.318 -0.466 3.035 
-1.318 -0.466 3.035 
-1.318 -0.466 3.035 
-1.318 -0.466 3.035 
-1.318 -0.466 3.035 
-1.318 -0.466 3.035 
-1.318 -0.466 3.035 
-1.318 -0.466 3.035 
-1.318 -0.466 3.035 
-1.318 -0.466 3.035 
-1.318 -0.466 3.035 
-1.318 -0.466 3.035 
-1.318 -0.466 3.035 
-1.318 -0.466 3.035 
-1.318 -0.466 3.035 
-1.318 -0.466 3.035 
-1.318 -0.466 3.035 
-1.318 -0.466 3.035 
-1.318 -0.466 3.035 
-1.318 -0.466 3.035 
-1.318 -0.466 3.035 
-1.318 -0.466 3.035 
-1.318 -0.466 3.035 
-1.318 -0.466 3.035 
-1.318 -0.466 3.035 
-1.318 -0.466 3.035 
-1.318 -0.466 3.035 
-1.318 -0.466 3.035 
-1.318 -0.466 3.035 
-1.318 -0.466 3.035 
-1.318 -0.466 3.035 
-1.318 -0.466 3.035 
-1.318 -0.466 3.035 
-1.318 -0.466 3.035 
-1.318 -0.466 3.035 
-1.318 -0.466 3.035 
-1.318 -0.466 3.035 
-1.318 -0.466 3.035 
-1.318 -0.466 3.035 
-1.318 -0.466 3.035 
-1.318 -0.466 3.035 
-1.318 -0.466 3.035 
-1.318 -0.466 3.035 
-1.318 -0.466 3.035 
-1.318 -0.466 3.035 
-1.318 -0.466 3.035 
-1.318 -0.466 3.035 
-1.318 -0.466 3.035 
-1.318 -0.466 3.035 
-1.318 -0.466 3.035 
-1.318 -0.466 3.035 
-1.318 -0.466 3.035 
-1.318 -0.466 3.035 
-1.318 -0.466 3.035 
-1.318 -0.466 3.035 
-1.318 -0.466 3.035 
-1.318 -0.466 3.035 
-1.318 -0.466 3.035 
-1.318 -0.466 3.035 
-1.318 -0.466 3.035 
-1.318 -0.466 3.035 
-1.318 -0.466 3.035 
-1.318 -0.466 3.035 
-1.318 -0.466 3.035 
-1.318 -0.466 3.035 
-1.318 -0.466 3.035 
-1.318 -0.466 3.035 
-1.318 -0.466 3.035 
-1.318 -0.466 3.035 
-1.318 -0.466 3.035 
-1.318 -0.466 3.035 
-1.318 -0.466 3.035 
-1.318 -0.466 3.035 
-1.318 -0.466 3.035 
-1.318 -0.466 3.035 
-1.318 -0.466 3.035 
-1.318 -0.466 3.035 
-1.318 -0.466 3.035 
-1.318 -0.466 3.035 
-1.318 -0.466 3.035 
-1.318 -0.466 3.035 
-1.318 -0.466 3.035 
-1.318 -0.466 3.035 
-1.318 -0.466 3.035 
-1.318 -0.466 3.035 
-1.318 -0.466 3.035 
-1.318 -0.466 3.035 
-1.318 -0.466 3.035 
-1.318 -0.466 3.035 
-1.318 -0.466 3.035 
-1.318 -0.466 3.035 
-1.318 -0.466 3.035 
-1.318 -0.466 3.035 
-1.318 -0.466 3.035 
-1.318 -0.466 3.035 
-1.318 -0.466 3.035 
-1.318 -0.466 3.035 
-1.318 -0.466 3.035 
-1.318 -0.466 3.035 
-1.318 -0.466 3.035 
-1.318 -0.466 3.035 
-1.318 -0.466 3.035 
-1.318 -0.466 3.035 
-1.318 -0.466 3.035 
-1.318 -0.466 3.035 
-1.318 -0.466 3.035 
-1.318 -0.466 3.035 
-1.318 -0.466 3.035 
-1.318 -0.466 3.035 
-1.318 -0.466 3.035 
-1.318 -0.466 3.035 
-1.318 -0.466 3.035 
-1.318 -0.466 3.035 
-1.318 -0.466 3.035 
-1.318 -0.466 3.035 
-1.318 -0.466 3.035 
-1.318 -0.466 3.035 
-1.318 -0.466 3.035 
-1.318 -0.466 3.035 
-1.318 -0.466 3.035 
-1.318 -0.466 3.035 
-1.318 -0.466 3.035 
-1.318 -0.466 3.035 
-1.318 -0.466 3.035 
-1.318 -0.466 3.035 
-1.318 -0.466 3.035 
-1.318 -0.466 3.035 
-1.318 -0.466 3.035 
-1.318 -0.466 3.035 
-1.318 -0.466 3.035 
-1.318 -0.466 3.035 
-1.318 -0.466 3.035 
-1.318 -0.466 3.035 
-1.318 -0.466 3.035 
-1.318 -0.466 3.035 
-1.318 -0.466 3.035 
-1.318 -0.466 3.035 
-1.318 -0.466 3.035 
-1.318 -0.466 3.035 
-1.318 -0.466 3.035 
-1.318 -0.466 3.035 
-1.318 -0.466 3.035 
-1.318 -0.466 3.035 
-1.318 -0.466 3.035 
-1.318 -0.466 3.035 
-1.318 -0.466 3.035 
-1.318 -0.466 3.035 
-1.318 -0.466 3.035 
-1.318 -0.466 3.035 
-1.318 -0.466 3.035 
-1.318 -0.466 3.035 
-1.318 -0.466 3.035 
-1.318 -0.466 3.035 
-1.318 -0.466 3.035 
-1.318 -0.466 3.035 
-1.318 -0.466 3.035 
-1.318 -0.466 3.035 
-1.318 -0.466 3.035 
-1.318 -0.466 3.035 
-1.318 -0.466 3.035 
-1.318 -0.466 3.035 
-1.318 -0.466 3.035 
-1.318 -0.466 3.035 
-1.318 -0.466 3.035 
-1.318 -0.466 3.035 
-1.318 -0.466 3.035 
-1.318 -0.466 3.035 
-1.318 -0.466 3.035 
-1.318 -0.466 3.035 
-1.318 -0.466 3.035 
-1.318 -0.466 3.035 
-1.318 -0.466 3.035 
-1.318 -0.466 3.035 
-1.318 -0.466 3.035 
-1.318 -0.466 3.035 
-1.318 -0.466 3.035 
-1.318 -0.466 3.035 
-1.318 -0.466 3.035 
-1.318 -0.466 3.035 
-1.318 -0.466 3.035 
-1.318 -0.466 3.035 
-1.318 -0.466 3.035 
-1.318 -0.466 3.035 
-1.318 -0.466 3.035 
-1.318 -0.466 3.035 
-1.318 -0.466 3.035 
-1.318 -0.466 3.035 
-1.318 -0.466 3.035 
-1.318 -0.466 3.035 
-1.318 -0.466 3.035 
-1.318 -0.466 3.035 
-1.318 -0.466 3.035 
-1.318 -0.466 3.035 
-1.318 -0.466 3.035 
-1.318 -0.466 3.035 
-1.318 -0.466 3.035 
-1.318 -0.466 3.035 
-1.318 -0.466 3.035 
-1.318 -0.466 3.035 
-1.318 -0.466 3.035 
-1.318 -0.466 3.035 
-1.318 -0.466 3.035 
-1.318 -0.466 3.035 
-1.318 -0.466 3.035 
-1.318 -0.466 3.035 
-1.318 -0.466 3.035 
-1.318 -0.466 3.035 
-1.318 -0.466 3.035 
-1.318 -0.466 3.035 
-1.318 -0.466 3.035 
-1.318 -0.466 3.035 
-1.318 -0.466 3.035 
-1.318 -0.466 3.035 
-1.318 -0.466 3.035 
-1.318 -0.466 3.035 
-1.318 -0.466 3.035 
-1.318 -0.466 3.035 
-1.318 -0.466 3.035 
-1.318 -0.466 3.035 
-1.318 -0.466 3.035 
-1.318 -0.466 3.035 
-1.318 -0.466 3.035 
-1.318 -0.466 3.035 
-1.318 -0.466 3.035 
-1.318 -0.466 3.035 
-1.318 -0.466 3.035 
-1.318 -0.466 3.035 
-1.318 -0.466 3.035 
-1.318 -0.466 3.035 
-1.318 -0.466 3.035 
-1.318 -0.466 3.035 
-1.318 -0.466 3.035 
-1.318 -0.466 3.035 
-1.318 -0.466 3.035 
-1.318 -0.466 3.035 
-1.318 -0.466 3.035 
-1.318 -0.466 3.035 
-1.318 -0.466 3.035 
-1.318 -0.466 3.035 
-1.318 -0.466 3.035 
-1.318 -0.466 3.035 
-1.318 -0.466 3.035 
-1.318 -0.466 3.035 
-1.318 -0.466 3.035 
-1.318 -0.466 3.035 
-1.318 -0.466 3.035 
-1.318 -0.466 3.035 
-1.318 -0.466 3.035 
-1.318 -0.466 3.035 
-1.318 -0.466 3.035 
-1.318 -0.466 3.035 
-1.318 -0.466 3.035 
-1.318 -0.466 3.035 
-1.318 -0.466 3.035 
-1.318 -0.466 3.035 
-1.318 -0.466 3.035 
-1.318 -0.466 3.035 
-1.318 -0.466 3.035 
-1.318 -0.466 3.035 
-1.318 -0.466 3.035 
-1.318 -0.466 3.035 
-1.318 -0.466 3.035 
-1.318 -0.466 3.035 
-1.318 -0.466 3.035 
-1.318 -0.466 3.035 
-1.318 -0.466 3.035 
-1.318 -0.466 3.035 
-1.318 -0.466 3.035 
-1.318 -0.466 3.035 
-1.318 -0.466 3.035 
-1.318 -0.466 3.035 
-1.318 -0.466 3.035 
-1.318 -0.466 3.035 
-1.318 -0.466 3.035 
-1.318 -0.466 3.035 
-1.318 -0.466 3.035 
-1.318 -0.466 3.035 
-1.318 -0.466 3.035 
-1.318 -0.466 3.035 
-1.318 -0.466 3.035 
-1.318 -0.466 3.035 
-1.318 -0.466 3.035 
-1.318 -0.466 3.035 
-1.318 -0.466 3.035 
-1.318 -0.466 3.035 
-1.318 -0.466 3.035 
-1.318 -0.466 3.035 
-1.318 -0.466 3.035 
-1.318 -0.466 3.035 
-1.318 -0.466 3.035 
-1.318 -0.466 3.035 
-1.318 -0.466 3.035 
-1.318 -0.466 3.035 
-1.318 -0.466 3.035 
-1.318 -0.466 3.035 
-1.318 -0.466 3.035 
-1.318 -0.466 3.035 
-1.318 -0.466 3.035 
-1.318 -0.466 3.035 
-1.318 -0.466 3.035 
-1.318 -0.466 3.035 
-1.318 -0.466 3.035 
-1.318 -0.466 3.035 
-1.318 -0.466 3.035 
-1.318 -0.466 3.035 
-1.318 -0.466 3.035 
-1.318 -0.466 3.035 
-1.318 -0.466 3.035 
-1.318 -0.466 3.035 
-1.318 -0.466 3.035 
-1.318 -0.466 3.035 
-1.318 -0.466 3.035 
-1.318 -0.466 3.035 
-1.318 -0.466 3.035 
-1.318 -0.466 3.035 
-1.318 -0.466 3.035 
-1.318 -0.466 3.035 
-1.318 -0.466 3.035 
-1.318 -0.466 3.035 
-1.318 -0.466 3.035 
-1.318 -0.466 3.035 
-1.318 -0.466 3.035 
-1.318 -0.466 3.035 
-1.318 -0.466 3.035 
-1.318 -0.466 3.035 
-1.318 -0.466 3.035 
-1.318 -0.466 3.035 
-1.318 -0.466 3.035 
-1.318 -0.466 3.035 
-1.318 -0.466 3.035 
-1.318 -0.466 3.035 
-1.318 -0.466 3.035 
-1.318 -0.466 3.035 
-1.318 -0.466 3.035 
-1.318 -0.466 3.035 
-1.318 -0.466 3.035 
-1.318 -0.466 3.035 
-1.318 -0.466 3.035 
-1.318 -0.466 3.035 
-1.318 -0.466 3.035 
-1.318 -0.466 3.035 
-1.318 -0.466 3.035 
-1.318 -0.466 3.035 
-1.318 -0.466 3.035 
-1.318 -0.466 3.035 
-1.318 -0.466 3.035 
-1.318 -0.466 3.035 
-1.318 -0.466 3.035 
-1.318 -0.466 3.035 
-1.318 -0.466 3.035 
-1.318 -0.466 3.035 
-1.318 -0.466 3.035 
-1.318 -0.466 3.035 
-1.318 -0.466 3.035 
-1.318 -0.466 3.035 
-1.318 -0.466 3.035 
-1.318 -0.466 3.035 
-1.318 -0.466 3.035 
-1.318 -0.466 3.035 
-1.318 -0.466 3.035 
-1.318 -0.466 3.035 
-1.318 -0.466 3.035 
-1.318 -0.466 3.035 
-1.318 -0.466 3.035 
-1.318 -0.466 3.035 
-1.318 -0.466 3.035 
-1.318 -0.466 3.035 
-1.318 -0.466 3.035 
-1.318 -0.466 3.035 
-1.318 -0.466 3.035 
-1.318 -0.466 3.035 
-1.318 -0.466 3.035 
-1.318 -0.466 3.035 
-1.318 -0.466 3.035 
-1.318 -0.466 3.035 
-1.318 -0.466 3.035 
-1.318 -0.466 3.035 
-1.318 -0.466 3.035 
-1.318 -0.466 3.035 
-1.318 -0.466 3.035 
-1.318 -0.466 3.035 
-1.318 -0.466 3.035 
-1.318 -0.466 3.035 
-1.318 -0.466 3.035 
-1.318 -0.466 3.035 
-1.318 -0.466 3.035 
-1.318 -0.466 3.035 
-1.318 -0.466 3.035 
-1.318 -0.466 3.035 
-1.318 -0.466 3.035 
-1.318 -0.466 3.035 
-1.318 -0.466 3.035 
-1.318 -0.466 3.035 
-1.318 -0.466 3.035 
-1.318 -0.466 3.035 
-1.318 -0.466 3.035 
-1.318 -0.466 3.035 
-1.318 -0.466 3.035 
-1.318 -0.466 3.035 
-1.318 -0.466 3.035 
-1.318 -0.466 3.035 
-1.318 -0.466 3.035 
-1.318 -0.466 3.035 
-1.318 -0.466 3.035 
-1.318 -0.466 3.035 
-1.318 -0.466 3.035 
-1.318 -0.466 3.035 
-1.318 -0.466 3.035 
-1.318 -0.466 3.035 
-1.318 -0.466 3.035 
-1.318 -0.466 3.035 
-1.318 -0.466 3.035 
-1.318 -0.466 3.035 
-1.318 -0.466 3.035 
-1.318 -0.466 3.035 
-1.318 -0.466 3.035 
-1.318 -0.466 3.035 
-1.318 -0.466 3.035 
-1.318 -0.466 3.035 
-1.318 -0.466 3.035 
-1.318 -0.466 3.035 
-1.318 -0.466 3.035 
-1.318 -0.466 3.035 
-1.318 -0.466 3.035 
-1.318 -0.466 3.035 
-1.318 -0.466 3.035 
-1.318 -0.466 3.035 
-1.318 -0.466 3.035 
-1.318 -0.466 3.035 
-1.318 -0.466 3.035 
-1.318 -0.466 3.035 
-1.318 -0.466 3.035 
-1.318 -0.466 3.035 
-1.318 -0.466 3.035 
-1.318 -0.466 3.035 
-1.318 -0.466 3.035 
-1.318 -0.466 3.035 
-1.318 -0.466 3.035 
-1.318 -0.466 3.035 
-1.318 -0.466 3.035 
-1.318 -0.466 3.035 
-1.318 -0.466 3.035 
-1.318 -0.466 3.035 
-1.318 -0.466 3.035 
-1.318 -0.466 3.035 
-1.318 -0.466 3.035 
-1.318 -0.466 3.035 
-1.318 -0.466 3.035 
-1.318 -0.466 3.035 
-1.318 -0.466 3.035 
-1.318 -0.466 3.035 
-1.318 -0.466 3.035 
-1.318 -0.466 3.035 
-1.318 -0.466 3.035 
-1.318 -0.466 3.035 
-1.318 -0.466 3.035 
-1.318 -0.466 3.035 
-1.318 -0.466 3.035 
-1.318 -0.466 3.035 
-1.318 -0.466 3.035 
-1.318 -0.466 3.035 
-1.318 -0.466 3.035 
-1.318 -0.466 3.035 
-1.318 -0.466 3.035 
-1.318 -0.466 3.035 
-1.318 -0.466 3.035 
-1.318 -0.466 3.035 
-1.318 -0.466 3.035 
-1.318 -0.466 3.035 
-1.318 -0.466 3.035 
-1.318 -0.466 3.035 
-1.318 -0.466 3.035 
-1.318 -0.466 3.035 
-1.318 -0.466 3.035 
-1.318 -0.466 3.035 
-1.318 -0.466 3.035 
-1.318 -0.466 3.035 
-1.318 -0.466 3.035 
-1.318 -0.466 3.035 
-1.318 -0.466 3.035 
-1.318 -0.466 3.035 
-1.318 -0.466 3.035 
-1.318 -0.466 3.035 
-1.318 -0.466 3.035 
-1.318 -0.466 3.035 
-1.318 -0.466 3.035 
-1.318 -0.466 3.035 
-1.318 -0.466 3.035 
-1.318 -0.466 3.035 
-1.318 -0.466 3.035 
-1.318 -0.466 3.035 
-1.318 -0.466 3.035 
-1.318 -0.466 3.035 
-1.318 -0.466 3.035 
-1.318 -0.466 3.035 
-1.318 -0.466 3.035 
-1.318 -0.466 3.035 
-1.318 -0.466 3.035 
-1.318 -0.466 3.035 
-1.318 -0.466 3.035 
-1.318 -0.466 3.035 
-1.318 -0.466 3.035 
-1.318 -0.466 3.035 
-1.318 -0.466 3.035 
-1.318 -0.466 3.035 
-1.318 -0.466 3.035 
-1.318 -0.466 3.035 
-1.318 -0.466 3.035 
-1.318 -0.466 3.035 
-1.318 -0.466 3.035 
-1.318 -0.466 3.035 
-1.318 -0.466 3.035 
-1.318 -0.466 3.035 
-1.318 -0.466 3.035 
-1.318 -0.466 3.035 
-1.318 -0.466 3.035 
-1.318 -0.466 3.035 
-1.318 -0.466 3.035 
-1.318 -0.466 3.035 
-1.318 -0.466 3.035 
-1.318 -0.466 3.035 
-1.318 -0.466 3.035 
-1.318 -0.466 3.035 
-1.318 -0.466 3.035 
-1.318 -0.466 3.035 
-1.318 -0.466 3.035 
-1.318 -0.466 3.035 
-1.318 -0.466 3.035 
-1.318 -0.466 3.035 
-1.318 -0.466 3.035 
-1.318 -0.466 3.035 
-1.318 -0.466 3.035 
-1.318 -0.466 3.035 
-1.318 -0.466 3.035 
-1.318 -0.466 3.035 
-1.318 -0.466 3.035 
-1.318 -0.466 3.035 
-1.318 -0.466 3.035 
-1.318 -0.466 3.035 
-1.318 -0.466 3.035 
-1.318 -0.466 3.035 
-1.318 -0.466 3.035 
-1.318 -0.466 3.035 
-1.318 -0.466 3.035 
-1.318 -0.466 3.035 
-1.318 -0.466 3.035 
-1.318 -0.466 3.035 
-1.318 -0.466 3.035 
-1.318 -0.466 3.035 
-1.318 -0.466 3.035 
-1.318 -0.466 3.035 
-1.318 -0.466 3.035 
-1.318 -0.466 3.035 
-1.318 -0.466 3.035 
-1.318 -0.466 3.035 
-1.318 -0.466 3.035 
-1.318 -0.466 3.035 
-1.318 -0.466 3.035 
-1.318 -0.466 3.035 
-1.318 -0.466 3.035 
-1.318 -0.466 3.035 
-1.318 -0.466 3.035 
-1.318 -0.466 3.035 
-1.318 -0.466 3.035 
-1.318 -0.466 3.035 
-1.318 -0.466 3.035 
-1.318 -0.466 3.035 
-1.318 -0.466 3.035 
-1.318 -0.466 3.035 
-1.318 -0.466 3.035 
-1.318 -0.466 3.035 
-1.318 -0.466 3.035 
-1.318 -0.466 3.035 
-1.318 -0.466 3.035 
-1.318 -0.466 3.035 
-1.318 -0.466 3.035 
-1.318 -0.466 3.035 
-1.318 -0.466 3.035 
-1.318 -0.466 3.035 
-1.318 -0.466 3.035 
-1.318 -0.466 3.035 
-1.318 -0.466 3.035 
-1.318 -0.466 3.035 
-1.318 -0.466 3.035 
-1.318 -0.466 3.035 
-1.318 -0.466 3.035 
-1.318 -0.466 3.035 
-1.318 -0.466 3.035 
-1.318 -0.466 3.035 
-1.318 -0.466 3.035 
-1.318 -0.466 3.035 
-1.318 -0.466 3.035 
-1.318 -0.466 3.035 
-1.318 -0.466 3.035 
-1.318 -0.466 3.035 
-1.318 -0.466 3.035 
-1.318 -0.466 3.035 
-1.318 -0.466 3.035 
-1.318 -0.466 3.035 
-1.318 -0.466 3.035 
-1.318 -0.466 3.035 
-1.318 -0.466 3.035 
-1.318 -0.466 3.035 
-1.318 -0.466 3.035 
-1.318 -0.466 3.035 
-1.318 -0.466 3.035 
-1.318 -0.466 3.035 
-1.318 -0.466 3.035 
-1.318 -0.466 3.035 
-1.318 -0.466 3.035 
-1.318 -0.466 3.035 
-1.318 -0.466 3.035 
-1.318 -0.466 3.035 
-1.318 -0.466 3.035 
-1.318 -0.466 3.035 
-1.318 -0.466 3.035 
-1.318 -0.466 3.035 
-1.318 -0.466 3.035 
-1.318 -0.466 3.035 
-1.318 -0.466 3.035 
-1.318 -0.466 3.035 
-1.318 -0.466 3.035 
-1.318 -0.466 3.035 
-1.318 -0.466 3.035 
-1.318 -0.466 3.035 
-1.318 -0.466 3.035 
-1.318 -0.466 3.035 
-1.318 -0.466 3.035 
-1.318 -0.466 3.035 
-1.318 -0.466 3.035 
-1.318 -0.466 3.035 
-1.318 -0.466 3.035 
-1.318 -0.466 3.035 
-1.318 -0.466 3.035 
-1.318 -0.466 3.035 
-1.318 -0.466 3.035 
-1.318 -0.466 3.035 
-1.318 -0.466 3.035 
-1.318 -0.466 3.035 
-1.318 -0.466 3.035 
-1.318 -0.466 3.035 
-1.318 -0.466 3.035 
-1.318 -0.466 3.035 
-1.318 -0.466 3.035 
-1.318 -0.466 3.035 
-1.318 -0.466 3.035 
-1.318 -0.466 3.035 
-1.318 -0.466 3.035 
-1.318 -0.466 3.035 
-1.318 -0.466 3.035 
-1.318 -0.466 3.035 
-1.318 -0.466 3.035 
-1.318 -0.466 3.035 
-1.318 -0.466 3.035 
-1.318 -0.466 3.035 
-1.318 -0.466 3.035 
-1.318 -0.466 3.035 
-1.318 -0.466 3.035 
-1.318 -0.466 3.035 
-1.318 -0.466 3.035 
-1.318 -0.466 3.035 
-1.318 -0.466 3.035 
-1.318 -0.466 3.035 
-1.318 -0.466 3.035 
-1.318 -0.466 3.035 
-1.318 -0.466 3.035 
-1.318 -0.466 3.035 
-1.318 -0.466 3.035 
-1.318 -0.466 3.035 
-1.318 -0.466 3.035 
-1.318 -0.466 3.035 
-1.318 -0.466 3.035 
-1.318 -0.466 3.035 
-1.318 -0.466 3.035 
-1.318 -0.466 3.035 
-1.318 -0.466 3.035 
-1.318 -0.466 3.035 
-1.318 -0.466 3.035 
-1.318 -0.466 3.035 
-1.318 -0.466 3.035 
-1.318 -0.466 3.035 
-1.318 -0.466 3.035 
-1.318 -0.466 3.035 
-1.318 -0.466 3.035 
-1.318 -0.466 3.035 
-1.318 -0.466 3.035 
-1.318 -0.466 3.035 
-1.318 -0.466 3.035 
-1.318 -0.466 3.035 
-1.318 -0.466 3.035 
-1.318 -0.466 3.035 
-1.318 -0.466 3.035 
-1.318 -0.466 3.035 
-1.318 -0.466 3.035 
-1.318 -0.466 3.035 
-1.318 -0.466 3.035 
-1.318 -0.466 3.035 
-1.318 -0.466 3.035 
-1.318 -0.466 3.035 
-1.318 -0.466 3.035 
-1.318 -0.466 3.035 
-1.318 -0.466 3.035 
-1.318 -0.466 3.035 
-1.318 -0.466 3.035 
-1.318 -0.466 3.035 
-1.318 -0.466 3.035 
-1.318 -0.466 3.035 
-1.318 -0.466 3.035 
-1.318 -0.466 3.035 
-1.318 -0.466 3.035 
-1.318 -0.466 3.035 
-1.318 -0.466 3.035 
-1.318 -0.466 3.035 
-1.318 -0.466 3.035 
-1.318 -0.466 3.035 
-1.318 -0.466 3.035 
-1.318 -0.466 3.035 
-1.318 -0.466 3.035 
-1.318 -0.466 3.035 
-1.318 -0.466 3.035 
-1.318 -0.466 3.035 
-1.318 -0.466 3.035 
-1.318 -0.466 3.035 
-1.318 -0.466 3.035 
-1.318 -0.466 3.035 
-1.318 -0.466 3.035 
-1.318 -0.466 3.035 
-1.318 -0.466 3.035 
-1.318 -0.466 3.035 
-1.318 -0.466 3.035 
-1.318 -0.466 3.035 
-1.318 -0.466 3.035 
-1.318 -0.466 3.035 
-1.318 -0.466 3.035 
-1.318 -0.466 3.035 
-1.318 -0.466 3.035 
-1.318 -0.466 3.035 
-1.318 -0.466 3.035 
-1.318 -0.466 3.035 
-1.318 -0.466 3.035 
-1.318 -0.466 3.035 
-1.318 -0.466 3.035 
-1.318 -0.466 3.035 
-1.318 -0.466 3.035 
-1.318 -0.466 3.035 
-1.318 -0.466 3.035 
-1.318 -0.466 3.035 
-1.318 -0.466 3.035 
-1.318 -0.466 3.035 
-1.318 -0.466 3.035 
-1.318 -0.466 3.035 
-1.318 -0.466 3.035 
-1.318 -0.466 3.035 
-1.318 -0.466 3.035 
-1.318 -0.466 3.035 
-1.318 -0.466 3.035 
-1.318 -0.466 3.035 
-1.318 -0.466 3.035 
-1.318 -0.466 3.035 
-1.318 -0.466 3.035 
-1.318 -0.466 3.035 
-1.318 -0.466 3.035 
-1.318 -0.466 3.035 
-1.318 -0.466 3.035 
-1.318 -0.466 3.035 
-1.318 -0.466 3.035 
-1.318 -0.466 3.035 
-1.318 -0.466 3.035 
-1.318 -0.466 3.035 
-1.318 -0.466 3.035 
-1.318 -0.466 3.035 
-1.318 -0.466 3.035 
-1.318 -0.466 3.035 
-1.318 -0.466 3.035 
-1.318 -0.466 3.035 
-1.318 -0.466 3.035 
-1.318 -0.466 3.035 
-1.318 -0.466 3.035 
-1.318 -0.466 3.035 
-1.318 -0.466 3.035 
-1.318 -0.466 3.035 
-1.318 -0.466 3.035 
-1.318 -0.466 3.035 
-1.318 -0.466 3.035 
-1.318 -0.466 3.035 
-1.318 -0.466 3.035 
-1.318 -0.466 3.035 
-1.318 -0.466 3.035 
-1.318 -0.466 3.035 
-1.318 -0.466 3.035 
-1.318 -0.466 3.035 
-1.318 -0.466 3.035 
-1.318 -0.466 3.035 
-1.318 -0.466 3.035 
-1.318 -0.466 3.035 
-1.318 -0.466 3.035 
-1.318 -0.466 3.035 
-1.318 -0.466 3.035 
-1.318 -0.466 3.035 
-1.318 -0.466 3.035 
-1.318 -0.466 3.035 
-1.318 -0.466 3.035 
-1.318 -0.466 3.035 
-1.318 -0.466 3.035 
-1.318 -0.466 3.035 
-1.318 -0.466 3.035 
-1.318 -0.466 3.035 
-1.318 -0.466 3.035 
-1.318 -0.466 3.035 
-1.318 -0.466 3.035 
-1.318 -0.466 3.035 
-1.318 -0.466 3.035 
-1.318 -0.466 3.035 
-1.318 -0.466 3.035 
-1.318 -0.466 3.035 
-1.318 -0.466 3.035 
-1.318 -0.466 3.035 
-1.318 -0.466 3.035 
-1.318 -0.466 3.035 
-1.318 -0.466 3.035 
-1.318 -0.466 3.035 
-1.318 -0.466 3.035 
-1.318 -0.466 3.035 
-1.318 -0.466 3.035 
-1.318 -0.466 3.035 
-1.318 -0.466 3.035 
-1.318 -0.466 3.035 
-1.318 -0.466 3.035 
-1.318 -0.466 3.035 
-1.318 -0.466 3.035 
-1.318 -0.466 3.035 
-1.318 -0.466 3.035 
-1.318 -0.466 3.035 
-1.318 -0.466 3.035 
-1.318 -0.466 3.035 
-1.318 -0.466 3.035 
-1.318 -0.466 3.035 
-1.318 -0.466 3.035 
-1.318 -0.466 3.035 
-1.318 -0.466 3.035 
-1.318 -0.466 3.035 
-1.318 -0.466 3.035 
-1.318 -0.466 3.035 
-1.318 -0.466 3.035 
-1.318 -0.466 3.035 
-1.318 -0.466 3.035 
-1.318 -0.466 3.035 
