0.966 -0.908 -0.131 
0.966 -0.908 -0.131 
0.966 -0.908 -0.131 
0.966 -0.908 -0.131 
0.966 -0.908 -0.131 
0.966 -0.908 -0.131 
0.966 -0.908 -0.131 
0.966 -0.908 -0.131 
0.966 -0.908 -0.131 
0.966 -0.908 -0.131 
0.966 -0.908 -0.131 
0.966 -0.908 -0.131 
0.966 -0.908 -0.131 
0.966 -0.908 -0.131 
0.966 -0.908 -0.131 
0.966 -0.908 -0.131 
0.966 -0.908 -0.131 
0.966 -0.908 -0.131 
0.966 -0.908 -0.131 
0.966 -0.908 -0.131 
0.966 -0.908 -0.131 
0.966 -0.908 -0.131 
0.966 -0.908 -0.131 
0.966 -0.908 -0.131 
0.966 -0.908 -0.131 
0.966 -0.908 -0.131 
0.966 -0.908 -0.131 
0.966 -0.908 -0.131 
0.966 -0.908 -0.131 
0.966 -0.908 -0.131 
0.966 -0.908 -0.131 
0.966 -0.908 -0.131 
0.966 -0.908 -0.131 
0.966 -0.908 -0.131 
0.966 -0.908 -0.131 
0.966 -0.908 -0.131 
0.966 -0.908 -0.131 
0.966 -0.908 -0.131 
0.966 -0.908 -0.131 
0.966 -0.908 -0.131 
0.966 -0.908 -0.131 
0.966 -0.908 -0.131 
0.966 -0.908 -0.131 
0.966 -0.908 -0.131 
0.966 -0.908 -0.131 
0.966 -0.908 -0.131 
0.966 -0.908 -0.131 
0.966 -0.908 -0.131 
0.966 -0.908 -0.131 
0.966 -0.908 -0.131 
0.966 -0.908 -0.131 
0.966 -0.908 -0.131 
0.966 -0.908 -0.131 
0.966 -0.908 -0.131 
0.966 -0.908 -0.131 
0.966 -0.908 -0.131 
0.966 -0.908 -0.131 
0.966 -0.908 -0.131 
0.966 -0.908 -0.131 
0.966 -0.908 -0.131 
0.966 -0.908 -0.131 
0.966 -0.908 -0.131 
0.966 -0.908 -0.131 
0.966 -0.908 -0.131 
0.966 -0.908 -0.131 
0.966 -0.908 -0.131 
0.966 -0.908 -0.131 
0.966 -0.908 -0.131 
0.966 -0.908 -0.131 
0.966 -0.908 -0.131 
0.966 -0.908 -0.131 
0.966 -0.908 -0.131 
0.966 -0.908 -0.131 
0.966 -0.908 -0.131 
0.966 -0.908 -0.131 
0.966 -0.908 -0.131 
0.966 -0.908 -0.131 
0.966 -0.908 -0.131 
0.966 -0.908 -0.131 
0.966 -0.908 -0.131 
0.966 -0.908 -0.131 
0.966 -0.908 -0.131 
0.966 -0.908 -0.131 
0.966 -0.908 -0.131 
0.966 -0.908 -0.131 
0.966 -0.908 -0.131 
0.966 -0.908 -0.131 
0.966 -0.908 -0.131 
0.966 -0.908 -0.131 
0.966 -0.908 -0.131 
0.966 -0.908 -0.131 
0.966 -0.908 -0.131 
0.966 -0.908 -0.131 
0.966 -0.908 -0.131 
0.966 -0.908 -0.131 
0.966 -0.908 -0.131 
0.966 -0.908 -0.131 
0.966 -0.908 -0.131 
0.966 -0.908 -0.131 
0.966 -0.908 -0.131 
0.966 -0.908 -0.131 
0.966 -0.908 -0.131 
0.966 -0.908 -0.131 
0.965 -0.908 -0.130 
0.964 -0.907 -0.128 
0.962 -0.907 -0.125 
0.959 -0.907 -0.121 
0.954 -0.906 -0.116 
0.949 -0.906 -0.110 
0.944 -0.905 -0.104 
0.938 -0.904 -0.098 
0.931 -0.904 -0.091 
0.925 -0.903 -0.086 
0.919 -0.903 -0.080 
0.912 -0.902 -0.075 
0.905 -0.902 -0.071 
0.899 -0.901 -0.072 
0.891 -0.901 -0.076 
0.885 -0.900 -0.079 
0.879 -0.900 -0.083 
0.873 -0.899 -0.093 
0.867 -0.899 -0.102 
0.860 -0.898 -0.114 
0.853 -0.897 -0.131 
0.846 -0.896 -0.148 
0.840 -0.895 -0.167 
0.834 -0.894 -0.184 
0.828 -0.893 -0.197 
0.822 -0.892 -0.207 
0.816 -0.890 -0.219 
0.810 -0.889 -0.230 
0.805 -0.888 -0.239 
0.799 -0.886 -0.249 
0.793 -0.885 -0.258 
0.787 -0.883 -0.265 
0.781 -0.881 -0.270 
0.775 -0.880 -0.274 
0.768 -0.878 -0.275 
0.762 -0.876 -0.275 
0.755 -0.874 -0.281 
0.749 -0.872 -0.288 
0.742 -0.870 -0.287 
0.736 -0.868 -0.285 
0.729 -0.866 -0.285 
0.722 -0.864 -0.287 
0.715 -0.862 -0.294 
0.708 -0.860 -0.305 
0.701 -0.858 -0.316 
0.694 -0.856 -0.328 
0.687 -0.853 -0.340 
0.680 -0.851 -0.353 
0.674 -0.848 -0.365 
0.667 -0.846 -0.378 
0.661 -0.843 -0.391 
0.655 -0.841 -0.400 
0.648 -0.838 -0.404 
0.642 -0.835 -0.408 
0.636 -0.832 -0.415 
0.630 -0.830 -0.422 
0.623 -0.827 -0.429 
0.617 -0.824 -0.435 
0.612 -0.822 -0.441 
0.606 -0.819 -0.447 
0.600 -0.816 -0.451 
0.594 -0.813 -0.452 
0.588 -0.810 -0.453 
0.582 -0.807 -0.452 
0.576 -0.804 -0.450 
0.571 -0.802 -0.450 
0.565 -0.799 -0.451 
0.560 -0.796 -0.457 
0.555 -0.794 -0.465 
0.549 -0.791 -0.471 
0.543 -0.788 -0.477 
0.536 -0.784 -0.483 
0.530 -0.781 -0.490 
0.524 -0.778 -0.496 
0.518 -0.775 -0.497 
0.512 -0.771 -0.498 
0.506 -0.768 -0.502 
0.501 -0.765 -0.508 
0.496 -0.762 -0.513 
0.491 -0.760 -0.519 
0.486 -0.757 -0.522 
0.482 -0.754 -0.524 
0.477 -0.752 -0.525 
0.473 -0.749 -0.527 
0.469 -0.747 -0.526 
0.465 -0.744 -0.518 
0.461 -0.742 -0.510 
0.457 -0.740 -0.497 
0.454 -0.738 -0.480 
0.450 -0.737 -0.462 
0.447 -0.735 -0.452 
0.444 -0.733 -0.450 
0.439 -0.731 -0.447 
0.434 -0.729 -0.451 
0.429 -0.727 -0.462 
0.424 -0.724 -0.471 
0.417 -0.720 -0.478 
0.411 -0.717 -0.485 
0.405 -0.714 -0.492 
0.398 -0.710 -0.500 
0.393 -0.707 -0.507 
0.386 -0.704 -0.514 
0.380 -0.700 -0.522 
0.374 -0.697 -0.529 
0.368 -0.693 -0.534 
0.362 -0.689 -0.538 
0.356 -0.686 -0.542 
0.350 -0.682 -0.542 
0.344 -0.678 -0.537 
0.337 -0.675 -0.533 
0.331 -0.671 -0.528 
0.325 -0.667 -0.528 
0.319 -0.664 -0.529 
0.313 -0.660 -0.529 
0.307 -0.657 -0.532 
0.301 -0.653 -0.535 
0.295 -0.650 -0.537 
0.289 -0.646 -0.538 
0.283 -0.642 -0.539 
0.276 -0.639 -0.539 
0.270 -0.635 -0.538 
0.265 -0.632 -0.537 
0.259 -0.628 -0.537 
0.253 -0.624 -0.534 
0.246 -0.621 -0.529 
0.240 -0.617 -0.524 
0.234 -0.614 -0.522 
0.228 -0.610 -0.518 
0.222 -0.607 -0.512 
0.216 -0.604 -0.510 
0.211 -0.601 -0.512 
0.205 -0.597 -0.515 
0.199 -0.594 -0.517 
0.194 -0.591 -0.522 
0.188 -0.588 -0.527 
0.183 -0.584 -0.531 
0.177 -0.581 -0.536 
0.171 -0.578 -0.540 
0.166 -0.575 -0.541 
0.161 -0.572 -0.542 
0.155 -0.568 -0.541 
0.150 -0.565 -0.541 
0.145 -0.562 -0.541 
0.139 -0.558 -0.540 
0.134 -0.555 -0.539 
0.128 -0.552 -0.539 
0.122 -0.548 -0.541 
0.116 -0.545 -0.542 
0.110 -0.541 -0.541 
0.103 -0.537 -0.539 
0.098 -0.533 -0.537 
0.092 -0.530 -0.541 
0.085 -0.526 -0.550 
0.079 -0.522 -0.558 
0.074 -0.519 -0.564 
0.067 -0.515 -0.571 
0.062 -0.511 -0.577 
0.056 -0.507 -0.582 
0.050 -0.504 -0.585 
0.044 -0.500 -0.589 
0.039 -0.496 -0.594 
0.034 -0.493 -0.598 
0.029 -0.489 -0.602 
0.024 -0.486 -0.606 
0.019 -0.483 -0.609 
0.015 -0.479 -0.620 
0.010 -0.476 -0.635 
0.004 -0.472 -0.645 
-0.001 -0.468 -0.652 
-0.006 -0.464 -0.664 
-0.010 -0.461 -0.681 
-0.014 -0.458 -0.700 
-0.017 -0.455 -0.720 
-0.021 -0.451 -0.740 
-0.024 -0.448 -0.762 
-0.027 -0.446 -0.789 
-0.030 -0.443 -0.819 
-0.032 -0.440 -0.850 
-0.035 -0.437 -0.882 
-0.037 -0.434 -0.914 
-0.039 -0.431 -0.951 
-0.042 -0.428 -0.993 
-0.044 -0.424 -1.038 
-0.046 -0.419 -1.079 
-0.049 -0.415 -1.118 
-0.051 -0.410 -1.160 
-0.054 -0.405 -1.200 
-0.056 -0.400 -1.239 
-0.058 -0.395 -1.281 
-0.060 -0.390 -1.325 
-0.062 -0.383 -1.373 
-0.064 -0.376 -1.424 
-0.064 -0.370 -1.472 
-0.065 -0.363 -1.522 
-0.065 -0.355 -1.577 
-0.065 -0.349 -1.627 
-0.065 -0.342 -1.681 
-0.064 -0.335 -1.741 
-0.062 -0.328 -1.801 
-0.061 -0.321 -1.860 
-0.058 -0.314 -1.923 
-0.056 -0.307 -1.983 
-0.053 -0.301 -2.045 
-0.049 -0.294 -2.108 
-0.045 -0.288 -2.169 
-0.041 -0.282 -2.232 
-0.036 -0.276 -2.299 
-0.031 -0.271 -2.359 
-0.030 -0.272 -2.361 
-0.030 -0.272 -2.360 
-0.030 -0.272 -2.359 
-0.030 -0.272 -2.356 
-0.030 -0.272 -2.353 
-0.029 -0.272 -2.350 
-0.029 -0.272 -2.348 
-0.029 -0.272 -2.347 
-0.029 -0.272 -2.347 
-0.029 -0.272 -2.347 
-0.029 -0.272 -2.347 
-0.029 -0.272 -2.347 
-0.029 -0.272 -2.347 
-0.029 -0.272 -2.348 
-0.029 -0.272 -2.348 
-0.029 -0.272 -2.348 
-0.029 -0.272 -2.348 
-0.029 -0.272 -2.348 
-0.029 -0.272 -2.347 
-0.029 -0.272 -2.346 
-0.029 -0.272 -2.344 
-0.028 -0.272 -2.344 
-0.028 -0.272 -2.344 
-0.028 -0.272 -2.344 
-0.028 -0.272 -2.344 
-0.028 -0.272 -2.344 
-0.028 -0.272 -2.346 
-0.028 -0.272 -2.346 
-0.028 -0.272 -2.346 
-0.028 -0.272 -2.346 
-0.028 -0.272 -2.346 
-0.028 -0.272 -2.346 
-0.028 -0.272 -2.346 
-0.028 -0.272 -2.345 
-0.028 -0.272 -2.343 
-0.028 -0.272 -2.342 
-0.028 -0.272 -2.342 
-0.028 -0.272 -2.342 
-0.028 -0.272 -2.342 
-0.028 -0.272 -2.342 
-0.028 -0.272 -2.345 
-0.028 -0.272 -2.346 
-0.028 -0.272 -2.346 
-0.028 -0.272 -2.346 
-0.028 -0.272 -2.346 
-0.028 -0.272 -2.346 
-0.028 -0.272 -2.346 
-0.028 -0.272 -2.345 
-0.028 -0.272 -2.344 
-0.028 -0.272 -2.343 
-0.028 -0.272 -2.343 
-0.028 -0.272 -2.343 
-0.028 -0.272 -2.343 
-0.028 -0.272 -2.343 
-0.028 -0.272 -2.343 
-0.028 -0.272 -2.343 
-0.028 -0.272 -2.345 
-0.028 -0.272 -2.345 
-0.028 -0.272 -2.345 
-0.028 -0.272 -2.345 
-0.028 -0.272 -2.344 
-0.028 -0.272 -2.344 
-0.028 -0.272 -2.344 
-0.028 -0.272 -2.344 
-0.028 -0.272 -2.344 
-0.028 -0.272 -2.344 
-0.028 -0.272 -2.344 
-0.028 -0.272 -2.344 
-0.028 -0.272 -2.344 
-0.028 -0.272 -2.344 
-0.028 -0.272 -2.344 
-0.028 -0.272 -2.344 
-0.028 -0.272 -2.344 
-0.028 -0.272 -2.344 
-0.028 -0.272 -2.344 
-0.027 -0.272 -2.344 
-0.027 -0.272 -2.344 
-0.027 -0.272 -2.344 
-0.027 -0.272 -2.344 
-0.027 -0.272 -2.344 
-0.027 -0.272 -2.344 
-0.027 -0.272 -2.344 
-0.027 -0.272 -2.344 
-0.027 -0.272 -2.344 
-0.027 -0.272 -2.344 
-0.027 -0.272 -2.344 
-0.027 -0.272 -2.344 
-0.027 -0.272 -2.344 
-0.027 -0.272 -2.344 
-0.027 -0.272 -2.344 
-0.027 -0.272 -2.344 
-0.027 -0.272 -2.344 
-0.027 -0.272 -2.344 
-0.027 -0.272 -2.343 
-0.027 -0.272 -2.342 
-0.027 -0.272 -2.342 
-0.027 -0.272 -2.341 
-0.027 -0.272 -2.341 
-0.027 -0.272 -2.341 
-0.027 -0.272 -2.341 
-0.027 -0.272 -2.341 
-0.027 -0.272 -2.343 
-0.027 -0.272 -2.343 
-0.027 -0.272 -2.343 
-0.027 -0.272 -2.343 
-0.027 -0.272 -2.343 
-0.027 -0.272 -2.343 
-0.027 -0.272 -2.343 
-0.027 -0.272 -2.343 
-0.027 -0.272 -2.343 
-0.027 -0.272 -2.343 
-0.027 -0.272 -2.343 
-0.027 -0.272 -2.343 
-0.027 -0.272 -2.343 
-0.027 -0.272 -2.343 
-0.027 -0.272 -2.342 
-0.027 -0.272 -2.341 
-0.027 -0.272 -2.340 
-0.027 -0.272 -2.338 
-0.026 -0.272 -2.336 
-0.026 -0.272 -2.336 
-0.026 -0.272 -2.336 
-0.026 -0.272 -2.336 
-0.026 -0.272 -2.336 
-0.026 -0.272 -2.336 
-0.026 -0.272 -2.336 
-0.026 -0.272 -2.336 
-0.026 -0.272 -2.336 
-0.026 -0.272 -2.338 
-0.026 -0.272 -2.338 
-0.026 -0.272 -2.338 
-0.026 -0.272 -2.338 
-0.026 -0.272 -2.338 
-0.026 -0.272 -2.338 
-0.026 -0.272 -2.338 
-0.026 -0.272 -2.338 
-0.026 -0.272 -2.338 
-0.026 -0.272 -2.337 
-0.026 -0.272 -2.337 
-0.026 -0.272 -2.336 
-0.026 -0.272 -2.334 
-0.026 -0.273 -2.333 
-0.026 -0.273 -2.332 
-0.026 -0.273 -2.331 
-0.026 -0.273 -2.331 
-0.026 -0.273 -2.331 
-0.026 -0.273 -2.331 
-0.026 -0.273 -2.332 
-0.026 -0.273 -2.332 
-0.026 -0.273 -2.332 
-0.026 -0.273 -2.332 
-0.026 -0.273 -2.332 
-0.026 -0.273 -2.332 
-0.026 -0.273 -2.332 
-0.026 -0.273 -2.332 
-0.026 -0.273 -2.333 
-0.026 -0.273 -2.333 
-0.026 -0.273 -2.333 
-0.026 -0.273 -2.333 
-0.026 -0.273 -2.333 
-0.026 -0.273 -2.333 
-0.026 -0.273 -2.332 
-0.026 -0.273 -2.332 
-0.026 -0.273 -2.332 
-0.026 -0.273 -2.332 
-0.026 -0.273 -2.332 
-0.026 -0.273 -2.332 
-0.026 -0.273 -2.332 
-0.026 -0.273 -2.332 
-0.026 -0.273 -2.332 
-0.026 -0.273 -2.332 
-0.026 -0.273 -2.332 
-0.026 -0.273 -2.332 
-0.026 -0.273 -2.332 
-0.026 -0.273 -2.332 
-0.026 -0.273 -2.332 
-0.026 -0.273 -2.332 
-0.026 -0.273 -2.332 
-0.026 -0.273 -2.332 
-0.026 -0.273 -2.332 
-0.026 -0.273 -2.332 
-0.026 -0.273 -2.332 
-0.026 -0.273 -2.332 
-0.026 -0.273 -2.332 
-0.026 -0.273 -2.332 
-0.026 -0.273 -2.332 
-0.026 -0.273 -2.332 
-0.026 -0.273 -2.332 
-0.026 -0.273 -2.332 
-0.026 -0.273 -2.332 
-0.026 -0.273 -2.332 
-0.026 -0.273 -2.332 
-0.025 -0.273 -2.332 
-0.025 -0.273 -2.332 
-0.025 -0.273 -2.332 
-0.025 -0.273 -2.332 
-0.025 -0.273 -2.332 
-0.025 -0.273 -2.332 
-0.025 -0.273 -2.332 
-0.025 -0.273 -2.332 
-0.025 -0.273 -2.332 
-0.025 -0.273 -2.332 
-0.025 -0.273 -2.332 
-0.025 -0.273 -2.332 
-0.025 -0.273 -2.332 
-0.025 -0.273 -2.331 
-0.025 -0.273 -2.331 
-0.025 -0.273 -2.331 
-0.025 -0.273 -2.331 
-0.025 -0.273 -2.331 
-0.025 -0.273 -2.332 
-0.025 -0.273 -2.332 
-0.025 -0.273 -2.332 
-0.025 -0.273 -2.332 
-0.025 -0.273 -2.332 
-0.025 -0.273 -2.332 
-0.025 -0.273 -2.332 
-0.025 -0.273 -2.333 
-0.025 -0.273 -2.333 
-0.025 -0.273 -2.333 
-0.025 -0.273 -2.333 
-0.025 -0.273 -2.333 
-0.025 -0.273 -2.332 
-0.025 -0.273 -2.332 
-0.025 -0.273 -2.332 
-0.025 -0.273 -2.332 
-0.025 -0.273 -2.331 
-0.025 -0.273 -2.330 
-0.025 -0.273 -2.328 
-0.025 -0.273 -2.326 
-0.025 -0.273 -2.325 
-0.024 -0.273 -2.324 
-0.024 -0.273 -2.324 
-0.024 -0.273 -2.324 
-0.024 -0.273 -2.324 
-0.024 -0.273 -2.324 
-0.024 -0.273 -2.324 
-0.024 -0.273 -2.325 
-0.025 -0.273 -2.326 
-0.024 -0.273 -2.326 
-0.024 -0.273 -2.326 
-0.024 -0.273 -2.326 
-0.024 -0.273 -2.326 
-0.024 -0.273 -2.326 
-0.024 -0.273 -2.326 
-0.024 -0.273 -2.326 
-0.024 -0.273 -2.326 
-0.024 -0.273 -2.326 
-0.024 -0.273 -2.326 
-0.024 -0.273 -2.325 
-0.024 -0.273 -2.324 
-0.024 -0.273 -2.323 
-0.024 -0.273 -2.323 
-0.024 -0.273 -2.323 
-0.024 -0.273 -2.323 
-0.024 -0.273 -2.323 
-0.024 -0.273 -2.323 
-0.024 -0.273 -2.323 
-0.024 -0.273 -2.323 
-0.024 -0.273 -2.323 
-0.024 -0.273 -2.323 
-0.024 -0.273 -2.323 
-0.024 -0.273 -2.323 
-0.024 -0.273 -2.323 
-0.024 -0.273 -2.323 
-0.024 -0.273 -2.323 
-0.024 -0.273 -2.323 
-0.024 -0.273 -2.323 
-0.024 -0.273 -2.323 
-0.024 -0.273 -2.323 
-0.024 -0.273 -2.323 
-0.024 -0.273 -2.323 
-0.024 -0.273 -2.323 
-0.024 -0.273 -2.323 
-0.024 -0.273 -2.323 
-0.024 -0.273 -2.323 
-0.024 -0.273 -2.323 
-0.024 -0.273 -2.323 
-0.024 -0.273 -2.323 
-0.024 -0.273 -2.323 
-0.024 -0.273 -2.323 
-0.024 -0.273 -2.323 
-0.024 -0.273 -2.323 
-0.024 -0.273 -2.323 
-0.024 -0.273 -2.323 
-0.024 -0.273 -2.323 
-0.024 -0.273 -2.323 
-0.024 -0.273 -2.323 
-0.024 -0.273 -2.323 
-0.024 -0.273 -2.322 
-0.024 -0.273 -2.321 
-0.024 -0.273 -2.320 
-0.024 -0.273 -2.320 
-0.024 -0.273 -2.320 
-0.024 -0.273 -2.320 
-0.024 -0.273 -2.320 
-0.024 -0.273 -2.320 
-0.024 -0.273 -2.320 
-0.024 -0.273 -2.320 
-0.024 -0.273 -2.321 
-0.024 -0.273 -2.321 
-0.024 -0.273 -2.321 
-0.024 -0.273 -2.321 
-0.024 -0.273 -2.321 
-0.024 -0.273 -2.321 
-0.024 -0.273 -2.321 
-0.024 -0.273 -2.321 
-0.024 -0.273 -2.321 
-0.024 -0.273 -2.321 
-0.024 -0.273 -2.321 
-0.023 -0.273 -2.320 
-0.023 -0.273 -2.319 
-0.023 -0.273 -2.318 
-0.023 -0.273 -2.317 
-0.023 -0.273 -2.317 
-0.023 -0.273 -2.317 
-0.023 -0.273 -2.317 
-0.023 -0.273 -2.317 
-0.023 -0.273 -2.317 
-0.023 -0.273 -2.317 
-0.023 -0.273 -2.317 
-0.023 -0.273 -2.317 
-0.023 -0.273 -2.317 
-0.023 -0.273 -2.317 
-0.023 -0.273 -2.317 
-0.023 -0.273 -2.317 
-0.023 -0.273 -2.317 
-0.023 -0.273 -2.317 
-0.023 -0.273 -2.317 
-0.023 -0.273 -2.317 
-0.023 -0.273 -2.317 
-0.023 -0.273 -2.317 
-0.023 -0.273 -2.317 
-0.023 -0.273 -2.317 
-0.023 -0.273 -2.317 
-0.023 -0.273 -2.317 
-0.023 -0.273 -2.317 
-0.023 -0.273 -2.317 
-0.023 -0.273 -2.317 
-0.023 -0.273 -2.317 
-0.023 -0.273 -2.317 
-0.023 -0.273 -2.317 
-0.023 -0.273 -2.317 
-0.023 -0.273 -2.317 
-0.023 -0.273 -2.317 
-0.023 -0.273 -2.317 
-0.023 -0.273 -2.317 
-0.023 -0.273 -2.317 
-0.023 -0.273 -2.317 
-0.023 -0.273 -2.317 
-0.023 -0.273 -2.316 
-0.023 -0.273 -2.315 
-0.023 -0.273 -2.314 
-0.023 -0.273 -2.314 
-0.023 -0.273 -2.314 
-0.023 -0.273 -2.314 
-0.023 -0.273 -2.314 
-0.023 -0.273 -2.314 
-0.023 -0.273 -2.314 
-0.023 -0.273 -2.315 
-0.023 -0.273 -2.315 
-0.023 -0.273 -2.315 
-0.023 -0.273 -2.315 
-0.023 -0.273 -2.315 
-0.023 -0.273 -2.315 
-0.023 -0.273 -2.315 
-0.023 -0.273 -2.315 
-0.023 -0.273 -2.315 
-0.023 -0.273 -2.315 
-0.023 -0.273 -2.315 
-0.023 -0.273 -2.315 
-0.023 -0.273 -2.314 
-0.022 -0.273 -2.313 
-0.022 -0.273 -2.312 
-0.022 -0.273 -2.311 
-0.022 -0.273 -2.311 
-0.022 -0.273 -2.311 
-0.022 -0.273 -2.311 
-0.022 -0.273 -2.311 
-0.022 -0.273 -2.311 
-0.022 -0.273 -2.311 
-0.022 -0.273 -2.311 
-0.022 -0.273 -2.311 
-0.022 -0.273 -2.311 
-0.022 -0.273 -2.311 
-0.022 -0.273 -2.311 
-0.022 -0.273 -2.311 
-0.022 -0.273 -2.311 
-0.022 -0.273 -2.311 
-0.022 -0.273 -2.311 
-0.022 -0.273 -2.311 
-0.022 -0.273 -2.311 
-0.022 -0.273 -2.311 
-0.022 -0.273 -2.311 
-0.022 -0.273 -2.311 
-0.022 -0.273 -2.311 
-0.022 -0.273 -2.311 
-0.022 -0.273 -2.311 
-0.022 -0.273 -2.311 
-0.022 -0.273 -2.311 
-0.022 -0.273 -2.311 
-0.022 -0.273 -2.311 
-0.022 -0.273 -2.311 
-0.022 -0.273 -2.311 
-0.022 -0.273 -2.311 
-0.022 -0.273 -2.311 
-0.022 -0.273 -2.311 
-0.022 -0.273 -2.311 
-0.022 -0.273 -2.311 
-0.022 -0.273 -2.311 
-0.022 -0.273 -2.311 
-0.022 -0.273 -2.310 
-0.022 -0.273 -2.309 
-0.022 -0.273 -2.308 
-0.022 -0.273 -2.308 
-0.022 -0.273 -2.308 
-0.022 -0.273 -2.308 
-0.022 -0.273 -2.308 
-0.022 -0.273 -2.308 
-0.022 -0.273 -2.308 
-0.022 -0.273 -2.309 
-0.022 -0.273 -2.309 
-0.022 -0.273 -2.309 
-0.022 -0.273 -2.309 
-0.022 -0.273 -2.309 
-0.022 -0.273 -2.309 
-0.022 -0.273 -2.309 
-0.022 -0.273 -2.309 
-0.022 -0.273 -2.309 
-0.022 -0.273 -2.309 
-0.022 -0.273 -2.309 
-0.022 -0.273 -2.309 
-0.022 -0.273 -2.308 
-0.022 -0.273 -2.307 
-0.021 -0.273 -2.306 
-0.021 -0.273 -2.305 
-0.021 -0.273 -2.305 
-0.021 -0.273 -2.305 
-0.021 -0.273 -2.305 
-0.021 -0.273 -2.305 
-0.021 -0.273 -2.305 
-0.021 -0.273 -2.305 
-0.021 -0.273 -2.305 
-0.021 -0.273 -2.305 
-0.021 -0.273 -2.305 
-0.021 -0.273 -2.305 
-0.021 -0.273 -2.305 
-0.021 -0.273 -2.305 
-0.021 -0.273 -2.305 
-0.021 -0.273 -2.305 
-0.021 -0.273 -2.305 
-0.021 -0.273 -2.305 
-0.021 -0.273 -2.305 
-0.021 -0.273 -2.305 
-0.021 -0.273 -2.305 
-0.021 -0.273 -2.305 
-0.021 -0.273 -2.305 
-0.021 -0.273 -2.305 
-0.021 -0.273 -2.305 
-0.021 -0.273 -2.305 
-0.021 -0.273 -2.305 
-0.021 -0.273 -2.305 
-0.021 -0.273 -2.305 
-0.021 -0.273 -2.305 
-0.021 -0.273 -2.305 
-0.021 -0.273 -2.305 
-0.021 -0.273 -2.305 
-0.021 -0.273 -2.305 
-0.021 -0.273 -2.305 
-0.021 -0.273 -2.305 
-0.021 -0.273 -2.305 
-0.021 -0.273 -2.305 
-0.021 -0.273 -2.304 
-0.021 -0.273 -2.303 
-0.021 -0.273 -2.302 
-0.021 -0.273 -2.302 
-0.021 -0.273 -2.302 
-0.021 -0.273 -2.302 
-0.021 -0.273 -2.302 
-0.021 -0.273 -2.302 
-0.021 -0.273 -2.302 
-0.021 -0.273 -2.303 
-0.021 -0.273 -2.303 
-0.021 -0.273 -2.303 
-0.021 -0.273 -2.303 
-0.021 -0.273 -2.303 
-0.021 -0.273 -2.303 
-0.021 -0.273 -2.303 
-0.021 -0.273 -2.303 
-0.021 -0.273 -2.303 
-0.021 -0.273 -2.303 
-0.021 -0.273 -2.303 
-0.021 -0.273 -2.303 
-0.021 -0.273 -2.302 
-0.021 -0.273 -2.301 
-0.021 -0.273 -2.300 
-0.020 -0.273 -2.299 
-0.020 -0.273 -2.298 
-0.020 -0.273 -2.298 
-0.020 -0.273 -2.298 
-0.020 -0.273 -2.298 
-0.020 -0.273 -2.298 
-0.020 -0.273 -2.298 
-0.020 -0.273 -2.298 
-0.020 -0.273 -2.298 
-0.020 -0.273 -2.298 
-0.020 -0.273 -2.298 
-0.020 -0.273 -2.298 
-0.020 -0.273 -2.298 
-0.020 -0.273 -2.298 
-0.020 -0.273 -2.298 
-0.020 -0.273 -2.299 
-0.020 -0.273 -2.299 
-0.020 -0.273 -2.299 
-0.020 -0.273 -2.299 
-0.020 -0.273 -2.299 
-0.020 -0.273 -2.299 
-0.020 -0.273 -2.299 
-0.020 -0.273 -2.299 
-0.020 -0.273 -2.299 
-0.020 -0.273 -2.299 
-0.020 -0.273 -2.299 
-0.020 -0.273 -2.299 
-0.020 -0.273 -2.299 
-0.020 -0.273 -2.299 
-0.020 -0.273 -2.299 
-0.020 -0.273 -2.299 
-0.020 -0.273 -2.299 
-0.020 -0.273 -2.299 
-0.020 -0.273 -2.299 
-0.020 -0.273 -2.299 
-0.020 -0.273 -2.299 
-0.020 -0.273 -2.298 
-0.020 -0.273 -2.298 
-0.020 -0.273 -2.297 
-0.020 -0.273 -2.296 
-0.020 -0.273 -2.296 
-0.020 -0.273 -2.296 
-0.020 -0.273 -2.296 
-0.020 -0.273 -2.296 
-0.020 -0.273 -2.296 
-0.020 -0.273 -2.296 
-0.020 -0.273 -2.297 
-0.020 -0.273 -2.297 
-0.020 -0.273 -2.297 
-0.020 -0.273 -2.297 
-0.020 -0.273 -2.297 
-0.020 -0.273 -2.297 
-0.020 -0.273 -2.297 
-0.020 -0.273 -2.297 
-0.020 -0.273 -2.297 
-0.020 -0.273 -2.297 
-0.020 -0.273 -2.297 
-0.020 -0.273 -2.297 
-0.020 -0.273 -2.296 
-0.020 -0.273 -2.295 
-0.020 -0.273 -2.294 
-0.020 -0.273 -2.292 
-0.020 -0.273 -2.292 
-0.020 -0.273 -2.292 
-0.020 -0.273 -2.292 
-0.020 -0.273 -2.292 
-0.020 -0.273 -2.292 
-0.020 -0.273 -2.292 
-0.020 -0.273 -2.292 
-0.020 -0.273 -2.292 
-0.020 -0.273 -2.292 
-0.020 -0.273 -2.292 
-0.020 -0.273 -2.292 
-0.020 -0.273 -2.292 
-0.020 -0.273 -2.292 
-0.020 -0.273 -2.292 
-0.020 -0.273 -2.292 
-0.020 -0.273 -2.292 
-0.020 -0.273 -2.292 
-0.020 -0.273 -2.292 
-0.020 -0.273 -2.292 
-0.020 -0.273 -2.292 
-0.020 -0.273 -2.292 
-0.020 -0.273 -2.292 
-0.020 -0.273 -2.292 
-0.020 -0.273 -2.292 
-0.020 -0.273 -2.292 
-0.020 -0.273 -2.292 
-0.020 -0.273 -2.292 
-0.020 -0.273 -2.292 
-0.020 -0.273 -2.292 
-0.020 -0.273 -2.292 
-0.020 -0.273 -2.292 
-0.020 -0.273 -2.292 
-0.020 -0.273 -2.292 
-0.020 -0.273 -2.292 
-0.020 -0.273 -2.292 
-0.020 -0.273 -2.292 
-0.020 -0.273 -2.292 
-0.019 -0.273 -2.291 
-0.019 -0.273 -2.290 
-0.019 -0.273 -2.290 
-0.019 -0.273 -2.290 
-0.019 -0.273 -2.290 
-0.019 -0.273 -2.290 
-0.019 -0.273 -2.290 
-0.019 -0.273 -2.290 
-0.019 -0.273 -2.291 
-0.019 -0.273 -2.291 
-0.019 -0.273 -2.291 
-0.019 -0.273 -2.291 
-0.019 -0.273 -2.291 
-0.019 -0.273 -2.291 
-0.019 -0.273 -2.291 
-0.019 -0.273 -2.291 
-0.019 -0.273 -2.291 
-0.019 -0.273 -2.291 
-0.019 -0.273 -2.291 
-0.019 -0.273 -2.291 
-0.019 -0.273 -2.290 
-0.019 -0.273 -2.289 
-0.019 -0.273 -2.287 
-0.019 -0.273 -2.286 
-0.019 -0.273 -2.286 
-0.019 -0.273 -2.286 
-0.019 -0.273 -2.286 
-0.019 -0.273 -2.286 
-0.019 -0.273 -2.286 
-0.019 -0.273 -2.286 
-0.019 -0.273 -2.286 
-0.019 -0.273 -2.286 
-0.019 -0.273 -2.286 
-0.019 -0.273 -2.286 
-0.019 -0.273 -2.286 
-0.019 -0.273 -2.286 
-0.019 -0.273 -2.286 
-0.019 -0.273 -2.286 
-0.019 -0.273 -2.286 
-0.019 -0.273 -2.286 
-0.019 -0.273 -2.286 
-0.019 -0.273 -2.286 
-0.019 -0.273 -2.286 
-0.019 -0.273 -2.286 
-0.019 -0.273 -2.286 
-0.019 -0.273 -2.286 
-0.019 -0.273 -2.286 
-0.019 -0.273 -2.286 
-0.019 -0.273 -2.286 
-0.019 -0.273 -2.286 
-0.019 -0.273 -2.286 
-0.019 -0.273 -2.286 
-0.019 -0.273 -2.286 
-0.019 -0.273 -2.286 
-0.019 -0.273 -2.286 
-0.019 -0.273 -2.286 
-0.019 -0.273 -2.286 
-0.019 -0.273 -2.286 
-0.019 -0.273 -2.286 
-0.019 -0.273 -2.286 
-0.019 -0.273 -2.285 
-0.019 -0.273 -2.285 
-0.018 -0.273 -2.284 
-0.018 -0.273 -2.284 
-0.018 -0.273 -2.284 
-0.018 -0.273 -2.284 
-0.018 -0.273 -2.284 
-0.018 -0.273 -2.284 
-0.018 -0.273 -2.284 
-0.018 -0.273 -2.285 
-0.018 -0.273 -2.285 
-0.018 -0.273 -2.285 
-0.018 -0.273 -2.285 
-0.018 -0.273 -2.285 
-0.018 -0.273 -2.285 
-0.018 -0.273 -2.285 
-0.018 -0.273 -2.285 
-0.018 -0.273 -2.285 
-0.018 -0.273 -2.285 
-0.018 -0.273 -2.285 
-0.018 -0.273 -2.285 
-0.018 -0.273 -2.284 
-0.018 -0.273 -2.283 
-0.018 -0.273 -2.281 
-0.018 -0.273 -2.280 
-0.018 -0.273 -2.279 
-0.018 -0.273 -2.279 
-0.018 -0.273 -2.279 
-0.018 -0.273 -2.279 
-0.018 -0.273 -2.279 
-0.018 -0.273 -2.279 
-0.018 -0.273 -2.279 
-0.018 -0.273 -2.279 
-0.018 -0.273 -2.279 
-0.018 -0.273 -2.279 
-0.018 -0.273 -2.279 
-0.018 -0.273 -2.279 
-0.018 -0.273 -2.279 
-0.018 -0.273 -2.279 
-0.018 -0.273 -2.279 
-0.018 -0.273 -2.280 
-0.018 -0.273 -2.280 
-0.018 -0.273 -2.280 
-0.018 -0.273 -2.280 
-0.018 -0.273 -2.280 
-0.018 -0.273 -2.280 
-0.018 -0.273 -2.280 
-0.018 -0.273 -2.280 
-0.018 -0.273 -2.280 
-0.018 -0.273 -2.280 
-0.018 -0.273 -2.280 
-0.018 -0.273 -2.280 
-0.018 -0.273 -2.280 
-0.018 -0.273 -2.280 
-0.018 -0.273 -2.280 
-0.018 -0.273 -2.280 
-0.018 -0.273 -2.280 
-0.018 -0.273 -2.280 
-0.018 -0.273 -2.280 
-0.018 -0.273 -2.279 
-0.018 -0.273 -2.279 
-0.018 -0.273 -2.279 
-0.018 -0.273 -2.278 
-0.018 -0.273 -2.278 
-0.018 -0.273 -2.277 
-0.018 -0.273 -2.277 
-0.018 -0.273 -2.277 
-0.018 -0.273 -2.277 
-0.018 -0.273 -2.277 
-0.018 -0.273 -2.278 
-0.018 -0.273 -2.278 
-0.018 -0.273 -2.279 
-0.018 -0.273 -2.279 
-0.018 -0.273 -2.279 
-0.018 -0.273 -2.279 
-0.018 -0.273 -2.279 
-0.018 -0.273 -2.279 
-0.018 -0.273 -2.279 
-0.018 -0.273 -2.279 
-0.018 -0.273 -2.279 
-0.018 -0.273 -2.279 
-0.018 -0.273 -2.278 
-0.017 -0.273 -2.278 
-0.017 -0.274 -2.277 
-0.017 -0.274 -2.275 
-0.017 -0.274 -2.274 
-0.017 -0.274 -2.273 
-0.017 -0.274 -2.273 
-0.017 -0.274 -2.273 
-0.017 -0.274 -2.273 
-0.017 -0.274 -2.273 
-0.017 -0.274 -2.273 
-0.017 -0.274 -2.273 
-0.017 -0.274 -2.273 
-0.017 -0.274 -2.273 
-0.017 -0.274 -2.273 
-0.017 -0.274 -2.273 
-0.017 -0.274 -2.273 
-0.017 -0.274 -2.273 
-0.017 -0.274 -2.273 
-0.017 -0.274 -2.273 
-0.017 -0.274 -2.273 
-0.017 -0.274 -2.273 
-0.017 -0.274 -2.273 
-0.017 -0.274 -2.273 
-0.017 -0.274 -2.273 
-0.017 -0.274 -2.273 
-0.017 -0.274 -2.273 
-0.017 -0.274 -2.273 
-0.017 -0.274 -2.273 
-0.017 -0.274 -2.273 
-0.017 -0.274 -2.273 
-0.017 -0.274 -2.273 
-0.017 -0.274 -2.273 
-0.017 -0.274 -2.266 
-0.017 -0.274 -2.244 
-0.017 -0.274 -2.215 
-0.017 -0.274 -2.184 
-0.017 -0.274 -2.155 
-0.017 -0.274 -2.125 
-0.017 -0.274 -2.094 
-0.017 -0.274 -2.065 
-0.017 -0.274 -2.035 
-0.017 -0.274 -2.005 
-0.017 -0.274 -1.975 
-0.017 -0.274 -1.945 
-0.017 -0.274 -1.915 
-0.017 -0.274 -1.885 
-0.017 -0.274 -1.855 
-0.017 -0.274 -1.825 
-0.017 -0.274 -1.795 
-0.017 -0.274 -1.766 
-0.017 -0.274 -1.735 
-0.017 -0.274 -1.706 
-0.017 -0.274 -1.677 
-0.017 -0.274 -1.648 
-0.017 -0.274 -1.621 
-0.017 -0.274 -1.593 
-0.017 -0.274 -1.564 
-0.017 -0.274 -1.536 
-0.017 -0.274 -1.507 
-0.017 -0.274 -1.477 
-0.017 -0.274 -1.447 
-0.017 -0.274 -1.417 
-0.017 -0.274 -1.387 
-0.017 -0.274 -1.357 
-0.017 -0.274 -1.328 
-0.017 -0.274 -1.297 
-0.017 -0.274 -1.267 
-0.017 -0.274 -1.238 
-0.017 -0.274 -1.207 
-0.017 -0.274 -1.178 
-0.017 -0.274 -1.148 
-0.017 -0.274 -1.117 
-0.017 -0.274 -1.088 
-0.017 -0.274 -1.058 
-0.017 -0.274 -1.027 
-0.017 -0.274 -0.998 
-0.017 -0.274 -0.968 
-0.017 -0.274 -0.937 
-0.017 -0.274 -0.908 
-0.017 -0.274 -0.878 
-0.017 -0.274 -0.848 
-0.017 -0.274 -0.818 
-0.017 -0.274 -0.788 
-0.017 -0.274 -0.758 
-0.017 -0.274 -0.728 
-0.017 -0.274 -0.698 
-0.017 -0.274 -0.668 
-0.017 -0.274 -0.638 
-0.017 -0.274 -0.609 
-0.017 -0.274 -0.579 
-0.017 -0.274 -0.550 
-0.017 -0.274 -0.523 
-0.017 -0.274 -0.496 
-0.017 -0.274 -0.471 
-0.017 -0.274 -0.447 
-0.017 -0.274 -0.421 
-0.016 -0.274 -0.395 
-0.016 -0.274 -0.369 
-0.016 -0.274 -0.342 
-0.016 -0.274 -0.315 
-0.016 -0.274 -0.286 
-0.016 -0.274 -0.256 
-0.016 -0.274 -0.226 
-0.016 -0.274 -0.196 
-0.016 -0.274 -0.166 
-0.016 -0.274 -0.136 
-0.016 -0.274 -0.106 
-0.016 -0.274 -0.076 
-0.016 -0.274 -0.046 
-0.016 -0.274 -0.016 
-0.016 -0.274 0.014 
-0.016 -0.274 0.044 
-0.016 -0.274 0.073 
-0.016 -0.274 0.104 
-0.016 -0.274 0.134 
-0.016 -0.274 0.163 
-0.016 -0.274 0.194 
-0.016 -0.274 0.224 
-0.016 -0.274 0.253 
-0.016 -0.274 0.284 
-0.016 -0.274 0.313 
-0.016 -0.274 0.343 
-0.016 -0.274 0.374 
-0.016 -0.274 0.403 
-0.016 -0.274 0.433 
-0.016 -0.274 0.464 
-0.016 -0.274 0.493 
-0.016 -0.274 0.522 
-0.016 -0.274 0.552 
-0.016 -0.274 0.578 
-0.016 -0.275 0.604 
-0.017 -0.275 0.630 
-0.017 -0.275 0.653 
-0.017 -0.275 0.676 
-0.017 -0.275 0.700 
-0.017 -0.275 0.726 
-0.017 -0.275 0.754 
-0.017 -0.275 0.785 
-0.017 -0.275 0.814 
-0.017 -0.275 0.844 
-0.017 -0.275 0.875 
-0.017 -0.275 0.904 
-0.017 -0.275 0.934 
-0.017 -0.275 0.964 
-0.017 -0.275 0.994 
-0.017 -0.275 1.024 
-0.017 -0.275 1.054 
-0.017 -0.275 1.084 
-0.017 -0.275 1.114 
-0.017 -0.275 1.144 
-0.017 -0.275 1.174 
-0.017 -0.275 1.204 
-0.017 -0.275 1.234 
-0.017 -0.275 1.264 
-0.017 -0.275 1.293 
-0.017 -0.275 1.324 
-0.017 -0.275 1.354 
-0.017 -0.275 1.383 
-0.017 -0.275 1.414 
-0.017 -0.275 1.444 
-0.017 -0.275 1.473 
-0.017 -0.275 1.504 
-0.017 -0.275 1.533 
-0.017 -0.275 1.563 
-0.017 -0.275 1.594 
-0.017 -0.275 1.623 
-0.017 -0.275 1.653 
-0.017 -0.275 1.683 
-0.017 -0.275 1.710 
-0.017 -0.275 1.738 
-0.017 -0.276 1.765 
-0.017 -0.276 1.791 
-0.017 -0.276 1.817 
-0.017 -0.276 1.846 
-0.017 -0.276 1.875 
-0.017 -0.276 1.904 
-0.017 -0.276 1.935 
-0.017 -0.276 1.965 
-0.017 -0.276 1.994 
-0.017 -0.276 2.025 
-0.017 -0.276 2.055 
-0.017 -0.276 2.084 
-0.017 -0.276 2.115 
-0.017 -0.276 2.144 
-0.017 -0.276 2.174 
-0.017 -0.276 2.205 
-0.017 -0.276 2.234 
-0.017 -0.276 2.264 
-0.017 -0.276 2.294 
-0.017 -0.276 2.324 
-0.017 -0.276 2.354 
-0.017 -0.276 2.384 
-0.017 -0.276 2.414 
-0.017 -0.276 2.444 
-0.017 -0.276 2.474 
-0.017 -0.276 2.504 
-0.017 -0.276 2.534 
-0.017 -0.276 2.564 
-0.017 -0.276 2.594 
-0.017 -0.276 2.623 
-0.017 -0.276 2.654 
-0.017 -0.276 2.684 
-0.017 -0.276 2.713 
-0.017 -0.276 2.744 
-0.017 -0.276 2.774 
-0.017 -0.276 2.803 
-0.017 -0.276 2.833 
-0.017 -0.276 2.862 
-0.017 -0.276 2.890 
-0.017 -0.276 2.918 
-0.017 -0.276 2.944 
-0.018 -0.276 2.970 
-0.018 -0.276 2.998 
-0.018 -0.276 3.025 
-0.018 -0.276 3.054 
-0.018 -0.276 3.084 
-0.018 -0.276 3.114 
-0.018 -0.276 -3.140 
-0.018 -0.276 -3.109 
-0.018 -0.276 -3.079 
-0.018 -0.276 -3.050 
-0.018 -0.276 -3.019 
-0.018 -0.276 -2.989 
-0.018 -0.276 -2.960 
-0.018 -0.276 -2.929 
-0.018 -0.276 -2.900 
-0.018 -0.276 -2.870 
-0.018 -0.276 -2.839 
-0.018 -0.276 -2.810 
-0.018 -0.276 -2.780 
-0.018 -0.276 -2.749 
-0.018 -0.276 -2.720 
-0.018 -0.276 -2.690 
-0.018 -0.276 -2.660 
-0.018 -0.276 -2.630 
-0.018 -0.276 -2.600 
-0.018 -0.276 -2.570 
-0.018 -0.276 -2.540 
-0.018 -0.276 -2.510 
-0.018 -0.276 -2.480 
-0.018 -0.276 -2.450 
-0.018 -0.276 -2.420 
-0.018 -0.276 -2.390 
-0.018 -0.276 -2.361 
-0.018 -0.276 -2.334 
-0.018 -0.276 -2.309 
-0.018 -0.276 -2.286 
-0.018 -0.276 -2.267 
-0.018 -0.276 -2.252 
-0.017 -0.275 -2.242 
-0.017 -0.275 -2.237 
-0.016 -0.274 -2.234 
-0.016 -0.274 -2.232 
-0.016 -0.274 -2.228 
-0.015 -0.274 -2.228 
-0.015 -0.274 -2.228 
-0.015 -0.274 -2.228 
-0.015 -0.274 -2.228 
-0.015 -0.274 -2.228 
-0.015 -0.274 -2.228 
-0.015 -0.274 -2.228 
-0.015 -0.274 -2.228 
-0.015 -0.274 -2.228 
-0.015 -0.274 -2.228 
-0.015 -0.274 -2.227 
-0.015 -0.274 -2.227 
-0.015 -0.274 -2.227 
-0.016 -0.274 -2.229 
-0.016 -0.275 -2.235 
-0.017 -0.276 -2.245 
-0.018 -0.277 -2.258 
-0.020 -0.279 -2.274 
-0.022 -0.281 -2.293 
-0.024 -0.284 -2.314 
-0.027 -0.287 -2.336 
-0.030 -0.291 -2.355 
-0.033 -0.293 -2.372 
-0.036 -0.296 -2.389 
-0.039 -0.299 -2.408 
-0.042 -0.302 -2.426 
-0.045 -0.304 -2.443 
-0.048 -0.307 -2.459 
-0.052 -0.310 -2.475 
-0.055 -0.312 -2.495 
-0.059 -0.315 -2.519 
-0.062 -0.317 -2.543 
-0.066 -0.320 -2.568 
-0.070 -0.322 -2.594 
-0.075 -0.325 -2.622 
-0.081 -0.328 -2.652 
-0.087 -0.331 -2.684 
-0.093 -0.334 -2.718 
-0.099 -0.337 -2.752 
-0.105 -0.339 -2.786 
-0.111 -0.342 -2.818 
-0.117 -0.344 -2.850 
-0.124 -0.345 -2.884 
-0.131 -0.347 -2.916 
-0.138 -0.349 -2.945 
-0.145 -0.350 -2.974 
-0.152 -0.351 -3.001 
-0.159 -0.352 -3.029 
-0.166 -0.353 -3.057 
-0.173 -0.353 -3.083 
-0.180 -0.353 -3.109 
-0.187 -0.354 -3.135 
-0.194 -0.354 3.123 
-0.201 -0.353 3.097 
-0.208 -0.353 3.073 
-0.215 -0.352 3.050 
-0.222 -0.352 3.028 
-0.230 -0.351 3.003 
-0.237 -0.350 2.980 
-0.244 -0.348 2.956 
-0.251 -0.347 2.933 
-0.258 -0.345 2.912 
-0.265 -0.344 2.891 
-0.272 -0.342 2.865 
-0.279 -0.340 2.841 
-0.286 -0.337 2.817 
-0.292 -0.335 2.793 
-0.299 -0.333 2.770 
-0.305 -0.330 2.746 
-0.312 -0.327 2.723 
-0.318 -0.324 2.701 
-0.325 -0.321 2.679 
-0.331 -0.318 2.655 
-0.337 -0.315 2.632 
-0.343 -0.311 2.609 
-0.350 -0.307 2.586 
-0.356 -0.304 2.564 
-0.361 -0.300 2.542 
-0.367 -0.295 2.520 
-0.373 -0.291 2.498 
-0.379 -0.287 2.476 
-0.384 -0.283 2.453 
-0.389 -0.278 2.431 
-0.395 -0.273 2.412 
-0.400 -0.269 2.393 
-0.405 -0.264 2.374 
-0.410 -0.259 2.350 
-0.415 -0.254 2.329 
-0.419 -0.249 2.311 
-0.424 -0.244 2.293 
-0.428 -0.239 2.275 
-0.433 -0.233 2.258 
-0.437 -0.228 2.242 
-0.442 -0.222 2.226 
-0.446 -0.216 2.209 
-0.450 -0.211 2.194 
-0.455 -0.205 2.180 
-0.459 -0.199 2.165 
-0.463 -0.193 2.150 
-0.467 -0.187 2.134 
-0.470 -0.181 2.120 
-0.474 -0.175 2.107 
-0.478 -0.168 2.093 
-0.481 -0.162 2.080 
-0.485 -0.156 2.065 
-0.488 -0.150 2.051 
-0.491 -0.144 2.038 
-0.494 -0.138 2.028 
-0.497 -0.131 2.019 
-0.500 -0.125 2.010 
-0.503 -0.119 1.999 
-0.506 -0.113 1.987 
-0.509 -0.106 1.976 
-0.511 -0.099 1.964 
-0.514 -0.093 1.953 
-0.517 -0.086 1.943 
-0.519 -0.079 1.932 
-0.522 -0.072 1.922 
-0.524 -0.066 1.911 
-0.527 -0.059 1.901 
-0.529 -0.052 1.893 
-0.531 -0.045 1.886 
-0.533 -0.038 1.878 
-0.536 -0.031 1.867 
-0.538 -0.024 1.856 
-0.540 -0.017 1.845 
-0.542 -0.011 1.836 
-0.543 -0.004 1.829 
-0.545 0.003 1.821 
-0.547 0.010 1.809 
-0.548 0.016 1.798 
-0.550 0.023 1.787 
-0.551 0.030 1.778 
-0.553 0.037 1.773 
-0.554 0.044 1.769 
-0.556 0.051 1.764 
-0.557 0.058 1.758 
-0.558 0.065 1.753 
-0.560 0.073 1.747 
-0.561 0.080 1.741 
-0.562 0.087 1.736 
-0.563 0.094 1.730 
-0.564 0.102 1.725 
-0.566 0.108 1.719 
-0.567 0.115 1.713 
-0.567 0.122 1.708 
-0.568 0.129 1.704 
-0.569 0.136 1.701 
-0.570 0.142 1.697 
-0.571 0.149 1.692 
-0.572 0.156 1.687 
-0.573 0.163 1.680 
-0.573 0.170 1.674 
-0.574 0.178 1.669 
-0.575 0.185 1.664 
-0.575 0.192 1.659 
-0.576 0.200 1.654 
-0.577 0.207 1.648 
-0.577 0.214 1.645 
-0.578 0.222 1.642 
-0.578 0.229 1.640 
-0.579 0.236 1.638 
-0.579 0.243 1.636 
-0.580 0.250 1.633 
-0.580 0.258 1.630 
-0.581 0.265 1.627 
-0.581 0.271 1.624 
-0.581 0.278 1.617 
-0.582 0.286 1.613 
-0.582 0.293 1.610 
-0.582 0.300 1.605 
-0.582 0.308 1.600 
-0.583 0.315 1.595 
-0.583 0.322 1.590 
-0.583 0.329 1.589 
-0.583 0.337 1.588 
-0.583 0.344 1.586 
-0.583 0.351 1.584 
-0.583 0.358 1.583 
-0.583 0.366 1.581 
-0.583 0.373 1.579 
-0.584 0.380 1.577 
-0.584 0.388 1.576 
-0.584 0.395 1.574 
-0.584 0.402 1.573 
-0.584 0.410 1.571 
-0.584 0.417 1.570 
-0.584 0.424 1.569 
-0.584 0.431 1.568 
-0.584 0.438 1.567 
-0.584 0.445 1.565 
-0.583 0.452 1.564 
-0.583 0.459 1.560 
-0.583 0.466 1.557 
-0.583 0.473 1.557 
-0.583 0.481 1.556 
-0.583 0.488 1.555 
-0.583 0.495 1.554 
-0.583 0.503 1.552 
-0.583 0.510 1.551 
-0.582 0.517 1.548 
-0.582 0.525 1.545 
-0.582 0.532 1.544 
-0.582 0.539 1.541 
-0.582 0.546 1.538 
-0.581 0.554 1.536 
-0.581 0.561 1.533 
-0.581 0.568 1.530 
-0.581 0.576 1.527 
-0.580 0.583 1.524 
-0.580 0.590 1.520 
-0.580 0.596 1.516 
-0.579 0.604 1.512 
-0.579 0.611 1.506 
-0.578 0.618 1.500 
-0.578 0.625 1.495 
-0.577 0.633 1.489 
-0.576 0.640 1.483 
-0.576 0.647 1.478 
-0.575 0.654 1.473 
-0.574 0.661 1.467 
-0.574 0.667 1.461 
-0.573 0.674 1.451 
-0.572 0.681 1.442 
-0.571 0.688 1.434 
-0.570 0.695 1.427 
-0.569 0.702 1.420 
-0.568 0.709 1.414 
-0.567 0.716 1.409 
-0.566 0.723 1.405 
-0.565 0.730 1.400 
-0.563 0.738 1.394 
-0.562 0.745 1.388 
-0.561 0.751 1.383 
-0.559 0.758 1.376 
-0.558 0.765 1.371 
-0.557 0.771 1.365 
-0.555 0.778 1.357 
-0.554 0.785 1.348 
-0.552 0.791 1.339 
-0.551 0.798 1.331 
-0.549 0.804 1.325 
-0.547 0.811 1.319 
-0.546 0.818 1.314 
-0.544 0.824 1.308 
-0.542 0.831 1.302 
-0.540 0.838 1.298 
-0.538 0.844 1.295 
-0.536 0.851 1.292 
-0.534 0.858 1.291 
-0.533 0.864 1.288 
-0.531 0.871 1.284 
-0.529 0.878 1.279 
-0.527 0.885 1.273 
-0.525 0.891 1.268 
-0.522 0.898 1.263 
-0.520 0.905 1.261 
-0.518 0.912 1.258 
-0.516 0.918 1.257 
-0.514 0.925 1.258 
-0.512 0.931 1.262 
-0.509 0.938 1.271 
-0.507 0.945 1.280 
-0.505 0.952 1.289 
-0.503 0.960 1.297 
-0.501 0.967 1.309 
-0.499 0.974 1.325 
-0.498 0.981 1.337 
-0.496 0.987 1.350 
-0.495 0.993 1.365 
-0.494 0.999 1.380 
-0.492 1.006 1.396 
-0.491 1.013 1.417 
-0.490 1.020 1.440 
-0.489 1.027 1.463 
-0.489 1.034 1.484 
-0.488 1.042 1.506 
-0.488 1.049 1.527 
-0.488 1.056 1.547 
-0.487 1.063 1.566 
-0.487 1.070 1.585 
-0.488 1.077 1.606 
-0.488 1.085 1.625 
-0.488 1.091 1.642 
-0.489 1.098 1.658 
-0.490 1.105 1.676 
-0.491 1.113 1.693 
-0.491 1.120 1.710 
-0.493 1.127 1.729 
-0.494 1.134 1.748 
-0.495 1.141 1.765 
-0.496 1.148 1.780 
-0.498 1.154 1.795 
-0.499 1.161 1.811 
-0.501 1.168 1.830 
-0.503 1.175 1.849 
-0.505 1.181 1.866 
-0.507 1.188 1.882 
-0.509 1.195 1.897 
-0.511 1.201 1.912 
-0.514 1.208 1.925 
-0.516 1.214 1.934 
-0.519 1.221 1.947 
-0.522 1.227 1.961 
-0.524 1.234 1.975 
-0.527 1.241 1.988 
-0.530 1.247 2.005 
-0.533 1.254 2.021 
-0.536 1.260 2.037 
-0.540 1.266 2.054 
-0.543 1.273 2.069 
-0.546 1.278 2.085 
-0.550 1.284 2.103 
-0.553 1.290 2.121 
-0.557 1.296 2.136 
-0.561 1.303 2.148 
-0.565 1.309 2.159 
-0.569 1.315 2.169 
-0.573 1.321 2.180 
-0.577 1.326 2.190 
-0.581 1.332 2.199 
-0.586 1.338 2.208 
-0.590 1.343 2.218 
-0.594 1.349 2.228 
-0.598 1.354 2.239 
-0.603 1.360 2.250 
-0.607 1.365 2.262 
-0.612 1.371 2.276 
-0.616 1.376 2.291 
-0.621 1.382 2.305 
-0.626 1.387 2.317 
-0.631 1.392 2.328 
-0.636 1.397 2.339 
-0.641 1.403 2.349 
-0.646 1.407 2.358 
-0.651 1.412 2.367 
-0.656 1.417 2.379 
-0.661 1.422 2.392 
-0.666 1.427 2.404 
-0.672 1.432 2.415 
-0.677 1.437 2.424 
-0.683 1.441 2.434 
-0.688 1.446 2.445 
-0.694 1.451 2.457 
-0.699 1.455 2.469 
-0.705 1.460 2.480 
-0.711 1.464 2.492 
-0.716 1.468 2.502 
-0.721 1.471 2.512 
-0.725 1.474 2.522 
-0.728 1.477 2.538 
-0.731 1.479 2.558 
-0.734 1.481 2.577 
-0.738 1.483 2.593 
-0.742 1.485 2.601 
-0.746 1.488 2.601 
-0.750 1.490 2.601 
-0.754 1.493 2.603 
-0.759 1.496 2.610 
-0.763 1.498 2.618 
-0.768 1.501 2.630 
-0.772 1.503 2.644 
-0.777 1.506 2.659 
-0.782 1.508 2.675 
-0.787 1.511 2.695 
-0.793 1.513 2.718 
-0.799 1.516 2.744 
-0.805 1.518 2.768 
-0.811 1.521 2.792 
-0.817 1.523 2.820 
-0.823 1.525 2.851 
-0.829 1.526 2.876 
-0.835 1.528 2.903 
-0.841 1.529 2.932 
-0.847 1.531 2.960 
-0.854 1.532 2.989 
-0.860 1.533 3.016 
-0.866 1.533 3.043 
-0.872 1.534 3.074 
-0.878 1.534 3.111 
-0.882 1.534 -3.130 
-0.886 1.534 -3.085 
-0.890 1.534 -3.045 
-0.893 1.533 -3.011 
-0.895 1.533 -2.982 
-0.898 1.533 -2.958 
-0.899 1.532 -2.940 
-0.900 1.532 -2.927 
-0.901 1.532 -2.920 
-0.901 1.532 -2.918 
-0.901 1.532 -2.918 
-0.901 1.532 -2.918 
-0.901 1.532 -2.918 
-0.901 1.532 -2.918 
-0.901 1.532 -2.918 
-0.901 1.532 -2.918 
-0.901 1.532 -2.918 
-0.901 1.532 -2.918 
-0.901 1.532 -2.918 
-0.901 1.532 -2.918 
-0.901 1.532 -2.918 
-0.901 1.532 -2.918 
-0.901 1.532 -2.918 
-0.901 1.532 -2.918 
-0.901 1.532 -2.918 
-0.901 1.532 -2.918 
-0.901 1.532 -2.918 
-0.901 1.532 -2.918 
-0.901 1.532 -2.918 
-0.901 1.532 -2.918 
-0.901 1.532 -2.918 
-0.901 1.532 -2.918 
-0.901 1.532 -2.918 
-0.901 1.532 -2.918 
-0.901 1.532 -2.918 
-0.901 1.532 -2.918 
-0.901 1.532 -2.918 
-0.901 1.532 -2.918 
-0.901 1.532 -2.918 
-0.901 1.532 -2.918 
-0.901 1.532 -2.918 
-0.901 1.532 -2.918 
-0.901 1.532 -2.918 
-0.901 1.532 -2.918 
-0.901 1.532 -2.918 
-0.901 1.532 -2.918 
-0.901 1.532 -2.918 
-0.901 1.532 -2.918 
-0.901 1.532 -2.918 
-0.901 1.532 -2.918 
-0.901 1.532 -2.918 
-0.901 1.532 -2.918 
-0.901 1.532 -2.918 
-0.901 1.532 -2.918 
-0.901 1.532 -2.918 
-0.901 1.532 -2.918 
-0.901 1.532 -2.918 
-0.901 1.532 -2.918 
-0.901 1.532 -2.918 
-0.901 1.532 -2.918 
-0.901 1.532 -2.918 
-0.901 1.532 -2.913 
-0.901 1.532 -2.897 
-0.900 1.532 -2.873 
-0.899 1.532 -2.846 
-0.897 1.533 -2.817 
-0.894 1.534 -2.787 
-0.891 1.535 -2.754 
-0.887 1.537 -2.722 
-0.883 1.539 -2.689 
-0.879 1.541 -2.656 
-0.875 1.543 -2.625 
-0.871 1.545 -2.593 
-0.867 1.547 -2.558 
-0.863 1.550 -2.521 
-0.859 1.554 -2.483 
-0.854 1.558 -2.440 
-0.849 1.562 -2.395 
-0.844 1.566 -2.351 
-0.840 1.571 -2.303 
-0.836 1.576 -2.256 
-0.832 1.581 -2.209 
-0.828 1.586 -2.163 
-0.825 1.590 -2.120 
-0.823 1.594 -2.079 
-0.821 1.598 -2.041 
-0.820 1.601 -2.002 
-0.819 1.603 -1.959 
-0.818 1.605 -1.918 
-0.817 1.607 -1.878 
-0.817 1.609 -1.835 
-0.816 1.610 -1.795 
-0.816 1.612 -1.757 
-0.816 1.613 -1.717 
-0.816 1.615 -1.676 
-0.816 1.616 -1.635 
-0.815 1.617 -1.594 
-0.815 1.619 -1.554 
-0.815 1.620 -1.517 
-0.816 1.620 -1.478 
-0.816 1.621 -1.439 
-0.816 1.621 -1.402 
-0.816 1.621 -1.369 
-0.816 1.622 -1.338 
-0.816 1.622 -1.309 
-0.816 1.622 -1.280 
-0.815 1.621 -1.247 
-0.815 1.620 -1.212 
-0.815 1.619 -1.173 
-0.814 1.617 -1.127 
-0.813 1.615 -1.078 
-0.812 1.613 -1.024 
-0.810 1.611 -0.969 
-0.808 1.608 -0.916 
-0.806 1.606 -0.864 
-0.804 1.603 -0.814 
-0.802 1.601 -0.770 
-0.799 1.598 -0.728 
-0.796 1.596 -0.683 
-0.792 1.593 -0.637 
-0.788 1.590 -0.589 
-0.783 1.587 -0.543 
-0.777 1.584 -0.507 
-0.772 1.581 -0.475 
-0.766 1.578 -0.442 
-0.760 1.575 -0.412 
-0.754 1.573 -0.386 
-0.748 1.570 -0.363 
-0.741 1.568 -0.340 
-0.734 1.565 -0.319 
-0.728 1.563 -0.299 
-0.721 1.561 -0.279 
-0.715 1.559 -0.256 
-0.707 1.558 -0.233 
-0.700 1.556 -0.211 
-0.694 1.555 -0.191 
-0.686 1.553 -0.170 
-0.680 1.552 -0.153 
-0.673 1.551 -0.136 
-0.665 1.550 -0.117 
-0.658 1.550 -0.098 
-0.651 1.549 -0.079 
-0.644 1.548 -0.058 
-0.637 1.548 -0.041 
-0.629 1.548 -0.027 
-0.622 1.548 -0.013 
-0.615 1.548 0.001 
-0.608 1.548 0.015 
-0.601 1.548 0.028 
-0.594 1.548 0.040 
-0.587 1.548 0.048 
-0.580 1.549 0.055 
-0.573 1.549 0.062 
-0.566 1.550 0.067 
-0.559 1.550 0.073 
-0.552 1.551 0.080 
-0.545 1.551 0.085 
-0.540 1.552 0.090 
-0.535 1.552 0.090 
-0.531 1.553 0.087 
-0.527 1.553 0.081 
-0.523 1.553 0.074 
-0.518 1.553 0.068 
-0.514 1.554 0.061 
-0.510 1.554 0.052 
-0.506 1.554 0.041 
-0.502 1.554 0.028 
-0.498 1.554 0.014 
-0.494 1.554 0.002 
-0.491 1.554 -0.007 
-0.487 1.554 -0.015 
-0.483 1.554 -0.022 
-0.479 1.554 -0.024 
-0.475 1.554 -0.024 
-0.471 1.554 -0.022 
-0.466 1.554 -0.018 
-0.460 1.554 -0.012 
-0.454 1.554 -0.006 
-0.447 1.554 0.001 
-0.440 1.554 0.013 
-0.433 1.554 0.027 
-0.425 1.554 0.036 
-0.418 1.554 0.043 
-0.411 1.555 0.049 
-0.404 1.555 0.056 
-0.397 1.556 0.063 
-0.390 1.556 0.072 
-0.382 1.557 0.084 
-0.375 1.557 0.097 
-0.368 1.558 0.109 
-0.360 1.559 0.120 
-0.353 1.560 0.131 
-0.346 1.561 0.141 
-0.339 1.562 0.152 
-0.332 1.563 0.162 
-0.324 1.564 0.171 
-0.317 1.565 0.179 
-0.310 1.567 0.188 
-0.303 1.568 0.195 
-0.296 1.569 0.201 
-0.290 1.571 0.208 
-0.283 1.572 0.214 
-0.276 1.574 0.221 
-0.269 1.575 0.225 
-0.262 1.577 0.231 
-0.255 1.579 0.238 
-0.248 1.580 0.245 
-0.242 1.582 0.249 
-0.234 1.584 0.251 
-0.227 1.586 0.252 
-0.220 1.588 0.254 
-0.213 1.589 0.257 
-0.206 1.591 0.260 
-0.199 1.593 0.267 
-0.193 1.595 0.271 
-0.186 1.597 0.274 
-0.179 1.599 0.277 
-0.172 1.601 0.279 
-0.165 1.603 0.282 
-0.159 1.605 0.282 
-0.152 1.607 0.284 
-0.145 1.609 0.286 
-0.139 1.611 0.289 
-0.132 1.613 0.291 
-0.126 1.614 0.294 
-0.119 1.616 0.295 
-0.112 1.619 0.295 
-0.105 1.621 0.296 
-0.098 1.623 0.293 
-0.092 1.625 0.284 
-0.086 1.626 0.275 
-0.079 1.628 0.264 
-0.073 1.630 0.251 
-0.066 1.632 0.239 
-0.060 1.633 0.232 
-0.053 1.635 0.234 
-0.046 1.636 0.235 
-0.040 1.638 0.238 
-0.034 1.639 0.246 
-0.029 1.641 0.257 
-0.023 1.642 0.266 
-0.018 1.644 0.272 
-0.013 1.645 0.275 
-0.008 1.647 0.276 
-0.002 1.648 0.273 
0.003 1.650 0.267 
0.009 1.651 0.262 
0.014 1.652 0.251 
0.019 1.654 0.236 
0.024 1.655 0.227 
0.030 1.656 0.225 
0.036 1.657 0.223 
0.041 1.659 0.220 
0.047 1.660 0.220 
0.053 1.661 0.223 
0.060 1.663 0.225 
0.067 1.665 0.222 
0.074 1.666 0.217 
0.081 1.668 0.213 
0.088 1.669 0.208 
0.095 1.671 0.202 
0.102 1.672 0.194 
0.109 1.673 0.183 
0.116 1.675 0.170 
0.122 1.676 0.161 
0.129 1.677 0.147 
0.135 1.678 0.129 
0.142 1.678 0.114 
0.147 1.679 0.099 
0.152 1.679 0.085 
0.156 1.680 0.067 
0.161 1.680 0.050 
0.166 1.680 0.037 
0.172 1.680 0.024 
0.179 1.680 0.013 
0.186 1.681 0.005 
0.193 1.681 0.000 
0.200 1.681 -0.003 
0.206 1.681 -0.004 
0.213 1.680 -0.004 
0.220 1.680 -0.004 
0.228 1.680 -0.003 
0.235 1.680 -0.002 
0.242 1.680 -0.001 
0.250 1.680 0.001 
0.257 1.680 0.002 
0.264 1.680 0.002 
0.271 1.680 0.002 
0.278 1.680 0.004 
0.284 1.680 0.005 
0.290 1.681 0.005 
0.297 1.681 0.004 
0.303 1.681 0.002 
0.309 1.681 0.002 
0.316 1.681 0.003 
0.322 1.681 -0.001 
0.329 1.681 -0.006 
0.336 1.681 -0.009 
0.343 1.680 -0.010 
0.350 1.680 -0.012 
0.357 1.680 -0.014 
0.364 1.680 -0.015 
0.371 1.680 -0.016 
0.378 1.680 -0.017 
0.385 1.680 -0.023 
0.391 1.680 -0.028 
0.399 1.679 -0.031 
0.406 1.679 -0.033 
0.413 1.679 -0.036 
0.420 1.679 -0.038 
0.427 1.678 -0.040 
0.435 1.678 -0.040 
0.442 1.678 -0.039 
0.449 1.678 -0.038 
0.457 1.677 -0.038 
0.464 1.677 -0.038 
0.471 1.677 -0.037 
0.479 1.676 -0.037 
0.486 1.676 -0.037 
0.493 1.676 -0.039 
0.501 1.676 -0.040 
0.508 1.675 -0.043 
0.515 1.675 -0.046 
0.522 1.675 -0.049 
0.528 1.674 -0.053 
0.535 1.674 -0.053 
0.542 1.674 -0.052 
0.549 1.673 -0.053 
0.557 1.673 -0.054 
0.564 1.672 -0.055 
0.571 1.672 -0.056 
0.579 1.672 -0.056 
0.586 1.671 -0.057 
0.593 1.671 -0.061 
0.600 1.670 -0.064 
0.608 1.670 -0.067 
0.615 1.669 -0.070 
0.622 1.669 -0.072 
0.629 1.668 -0.076 
0.636 1.668 -0.078 
0.643 1.667 -0.079 
0.649 1.667 -0.085 
0.655 1.666 -0.090 
0.663 1.666 -0.094 
0.670 1.665 -0.098 
0.677 1.664 -0.100 
0.684 1.663 -0.102 
0.692 1.663 -0.104 
0.699 1.662 -0.106 
0.706 1.661 -0.107 
0.713 1.660 -0.108 
0.721 1.659 -0.110 
0.728 1.659 -0.112 
0.735 1.658 -0.115 
0.742 1.657 -0.117 
0.749 1.656 -0.117 
0.755 1.655 -0.120 
0.762 1.655 -0.126 
0.770 1.654 -0.130 
0.777 1.653 -0.133 
0.784 1.652 -0.136 
0.791 1.651 -0.139 
0.797 1.650 -0.142 
0.804 1.649 -0.144 
0.811 1.648 -0.145 
0.818 1.647 -0.145 
0.825 1.646 -0.149 
0.832 1.645 -0.153 
0.839 1.644 -0.159 
0.846 1.642 -0.165 
0.853 1.641 -0.169 
0.860 1.640 -0.173 
0.867 1.639 -0.178 
0.874 1.638 -0.182 
0.881 1.636 -0.184 
0.888 1.635 -0.187 
0.896 1.634 -0.192 
0.903 1.632 -0.197 
0.909 1.631 -0.206 
0.916 1.629 -0.216 
0.922 1.628 -0.222 
0.929 1.627 -0.228 
0.935 1.625 -0.237 
0.942 1.623 -0.249 
0.948 1.622 -0.260 
0.955 1.620 -0.266 
0.961 1.618 -0.271 
0.968 1.616 -0.276 
0.975 1.614 -0.282 
0.982 1.612 -0.288 
0.988 1.610 -0.294 
0.996 1.608 -0.299 
1.002 1.606 -0.303 
1.009 1.604 -0.308 
1.016 1.601 -0.313 
1.023 1.599 -0.319 
1.030 1.597 -0.325 
1.037 1.595 -0.330 
1.044 1.592 -0.335 
1.051 1.590 -0.340 
1.057 1.588 -0.345 
1.063 1.585 -0.354 
1.070 1.583 -0.363 
1.077 1.580 -0.371 
1.083 1.578 -0.379 
1.089 1.575 -0.383 
1.096 1.572 -0.384 
1.103 1.570 -0.386 
1.109 1.567 -0.394 
1.116 1.564 -0.404 
1.122 1.561 -0.412 
1.129 1.559 -0.419 
1.136 1.556 -0.428 
1.142 1.553 -0.436 
1.149 1.549 -0.445 
1.155 1.546 -0.455 
1.162 1.543 -0.465 
1.168 1.540 -0.474 
1.175 1.536 -0.483 
1.181 1.533 -0.491 
1.187 1.530 -0.500 
1.194 1.526 -0.510 
1.200 1.523 -0.519 
1.206 1.519 -0.528 
1.213 1.515 -0.536 
1.219 1.512 -0.544 
1.225 1.508 -0.552 
1.231 1.504 -0.559 
1.237 1.500 -0.567 
1.243 1.496 -0.575 
1.249 1.492 -0.584 
1.255 1.488 -0.592 
1.261 1.484 -0.599 
1.267 1.480 -0.609 
1.272 1.476 -0.618 
1.278 1.473 -0.625 
1.284 1.468 -0.632 
1.290 1.464 -0.637 
1.295 1.460 -0.644 
1.301 1.455 -0.652 
1.307 1.451 -0.659 
1.312 1.447 -0.666 
1.318 1.442 -0.672 
1.323 1.438 -0.679 
1.328 1.434 -0.685 
1.334 1.429 -0.692 
1.339 1.425 -0.700 
1.344 1.421 -0.709 
1.349 1.416 -0.717 
1.355 1.411 -0.722 
1.360 1.407 -0.727 
1.366 1.402 -0.733 
1.371 1.397 -0.740 
1.376 1.392 -0.748 
1.382 1.387 -0.757 
1.387 1.382 -0.765 
1.392 1.377 -0.774 
1.397 1.372 -0.783 
1.402 1.367 -0.791 
1.407 1.362 -0.798 
1.412 1.357 -0.807 
1.417 1.352 -0.815 
1.421 1.347 -0.824 
1.426 1.342 -0.832 
1.431 1.336 -0.837 
1.436 1.331 -0.842 
1.441 1.325 -0.849 
1.446 1.320 -0.855 
1.450 1.314 -0.862 
1.455 1.309 -0.869 
1.459 1.303 -0.878 
1.464 1.298 -0.884 
1.468 1.293 -0.888 
1.472 1.288 -0.891 
1.476 1.283 -0.895 
1.481 1.277 -0.902 
1.485 1.272 -0.912 
1.489 1.267 -0.921 
1.493 1.261 -0.932 
1.497 1.256 -0.943 
1.501 1.250 -0.953 
1.505 1.244 -0.957 
1.509 1.238 -0.959 
1.514 1.232 -0.964 
1.518 1.226 -0.970 
1.522 1.220 -0.974 
1.526 1.214 -0.978 
1.530 1.208 -0.984 
1.534 1.202 -0.991 
1.538 1.196 -0.998 
1.542 1.190 -1.007 
1.546 1.184 -1.016 
1.549 1.178 -1.025 
1.553 1.172 -1.033 
1.557 1.165 -1.040 
1.560 1.159 -1.047 
1.564 1.153 -1.054 
1.568 1.146 -1.061 
1.571 1.140 -1.067 
1.574 1.134 -1.075 
1.578 1.128 -1.083 
1.581 1.122 -1.091 
1.584 1.116 -1.098 
1.587 1.109 -1.105 
1.590 1.103 -1.109 
1.593 1.097 -1.113 
1.596 1.091 -1.119 
1.599 1.085 -1.125 
1.602 1.079 -1.129 
1.605 1.073 -1.133 
1.608 1.066 -1.138 
1.611 1.059 -1.143 
1.614 1.053 -1.146 
1.617 1.047 -1.149 
1.620 1.040 -1.153 
1.623 1.033 -1.159 
1.626 1.027 -1.165 
1.629 1.020 -1.171 
1.631 1.013 -1.177 
1.634 1.007 -1.181 
1.637 1.001 -1.184 
1.639 0.994 -1.190 
1.642 0.988 -1.196 
1.644 0.982 -1.200 
1.646 0.976 -1.203 
1.649 0.969 -1.205 
1.651 0.963 -1.205 
1.654 0.956 -1.205 
1.656 0.950 -1.206 
1.659 0.943 -1.210 
1.661 0.937 -1.217 
1.664 0.930 -1.223 
1.666 0.923 -1.229 
1.669 0.916 -1.235 
1.671 0.909 -1.240 
1.674 0.902 -1.247 
1.676 0.895 -1.253 
1.678 0.888 -1.257 
1.680 0.882 -1.261 
1.682 0.875 -1.265 
1.684 0.869 -1.269 
1.686 0.862 -1.270 
1.688 0.856 -1.271 
1.690 0.849 -1.276 
1.692 0.842 -1.282 
1.695 0.835 -1.288 
1.697 0.828 -1.293 
1.699 0.821 -1.299 
1.700 0.814 -1.304 
1.702 0.807 -1.310 
1.704 0.800 -1.315 
1.706 0.793 -1.320 
1.708 0.786 -1.325 
1.710 0.778 -1.328 
1.711 0.772 -1.332 
1.713 0.765 -1.334 
1.715 0.758 -1.337 
1.716 0.752 -1.342 
1.718 0.745 -1.347 
1.719 0.738 -1.348 
1.721 0.731 -1.350 
1.722 0.724 -1.355 
1.724 0.717 -1.360 
1.725 0.710 -1.364 
1.727 0.703 -1.369 
1.728 0.695 -1.374 
1.730 0.688 -1.378 
1.731 0.681 -1.381 
1.732 0.674 -1.383 
1.734 0.667 -1.387 
1.735 0.660 -1.391 
1.736 0.653 -1.394 
1.738 0.645 -1.398 
1.739 0.638 -1.401 
1.740 0.631 -1.405 
1.741 0.624 -1.408 
1.742 0.617 -1.411 
1.744 0.610 -1.412 
1.745 0.604 -1.416 
1.746 0.597 -1.416 
1.747 0.590 -1.414 
1.748 0.583 -1.412 
1.749 0.577 -1.410 
1.750 0.570 -1.410 
1.751 0.563 -1.413 
1.752 0.556 -1.418 
1.753 0.548 -1.423 
1.754 0.541 -1.427 
1.755 0.534 -1.431 
1.756 0.526 -1.435 
1.757 0.519 -1.439 
1.758 0.512 -1.443 
1.759 0.505 -1.447 
1.760 0.497 -1.451 
1.761 0.490 -1.453 
1.762 0.483 -1.455 
1.763 0.476 -1.457 
1.763 0.469 -1.457 
1.764 0.462 -1.458 
1.765 0.456 -1.462 
1.766 0.449 -1.461 
1.766 0.443 -1.454 
1.767 0.439 -1.443 
1.767 0.435 -1.431 
1.768 0.431 -1.417 
1.768 0.429 -1.403 
1.769 0.428 -1.388 
1.769 0.427 -1.378 
1.769 0.426 -1.374 
1.769 0.426 -1.375 
1.769 0.426 -1.375 
1.769 0.426 -1.375 
1.769 0.426 -1.375 
1.769 0.426 -1.375 
1.769 0.426 -1.375 
1.769 0.426 -1.375 
1.769 0.426 -1.375 
1.769 0.426 -1.375 
1.769 0.426 -1.375 
1.769 0.426 -1.375 
1.769 0.426 -1.375 
1.769 0.426 -1.375 
1.769 0.426 -1.375 
1.769 0.426 -1.375 
1.769 0.426 -1.375 
1.769 0.426 -1.375 
1.769 0.426 -1.375 
1.769 0.426 -1.375 
1.769 0.426 -1.375 
1.769 0.426 -1.375 
1.769 0.426 -1.375 
1.769 0.426 -1.375 
1.769 0.426 -1.375 
1.769 0.426 -1.375 
1.769 0.426 -1.375 
1.769 0.426 -1.375 
1.769 0.426 -1.375 
1.769 0.426 -1.375 
1.769 0.426 -1.375 
1.769 0.426 -1.375 
1.769 0.426 -1.375 
1.769 0.426 -1.375 
1.769 0.426 -1.375 
1.769 0.426 -1.375 
1.769 0.426 -1.375 
1.769 0.426 -1.375 
1.769 0.426 -1.375 
1.769 0.426 -1.375 
1.769 0.426 -1.375 
1.769 0.426 -1.375 
1.769 0.426 -1.375 
1.769 0.426 -1.375 
1.769 0.426 -1.375 
1.769 0.426 -1.375 
1.769 0.426 -1.375 
1.769 0.426 -1.375 
1.769 0.426 -1.375 
1.769 0.426 -1.375 
1.769 0.426 -1.375 
1.769 0.426 -1.375 
1.769 0.426 -1.375 
1.769 0.426 -1.375 
1.769 0.426 -1.375 
1.769 0.426 -1.375 
1.769 0.426 -1.375 
1.769 0.426 -1.375 
1.769 0.426 -1.375 
1.769 0.426 -1.375 
1.769 0.426 -1.375 
1.769 0.426 -1.375 
1.769 0.426 -1.375 
1.769 0.426 -1.375 
1.769 0.426 -1.375 
1.769 0.426 -1.375 
1.769 0.426 -1.375 
1.769 0.426 -1.375 
1.769 0.426 -1.375 
1.769 0.426 -1.375 
1.769 0.426 -1.375 
1.769 0.426 -1.375 
1.769 0.426 -1.375 
1.769 0.426 -1.375 
1.769 0.426 -1.375 
1.769 0.426 -1.375 
1.769 0.426 -1.375 
1.769 0.426 -1.375 
1.769 0.426 -1.375 
1.769 0.426 -1.375 
1.769 0.426 -1.375 
1.769 0.426 -1.375 
1.769 0.426 -1.375 
1.769 0.426 -1.375 
1.769 0.426 -1.375 
1.769 0.426 -1.375 
1.769 0.426 -1.375 
1.769 0.426 -1.375 
1.769 0.426 -1.375 
1.769 0.426 -1.375 
1.769 0.426 -1.375 
1.769 0.426 -1.375 
1.769 0.426 -1.375 
1.769 0.426 -1.375 
1.769 0.426 -1.375 
1.769 0.426 -1.375 
1.769 0.426 -1.375 
1.769 0.426 -1.375 
1.769 0.426 -1.375 
1.769 0.426 -1.375 
1.769 0.426 -1.375 
1.769 0.426 -1.375 
1.769 0.426 -1.375 
1.769 0.426 -1.375 
1.769 0.426 -1.375 
1.769 0.426 -1.375 
1.769 0.426 -1.375 
1.769 0.426 -1.375 
1.769 0.426 -1.375 
1.769 0.426 -1.375 
1.769 0.426 -1.375 
1.769 0.426 -1.375 
1.769 0.426 -1.375 
1.769 0.426 -1.375 
1.769 0.426 -1.375 
1.769 0.426 -1.375 
1.769 0.426 -1.375 
1.769 0.426 -1.375 
1.769 0.426 -1.375 
1.769 0.426 -1.375 
1.769 0.426 -1.375 
1.769 0.426 -1.375 
1.769 0.426 -1.375 
1.769 0.426 -1.375 
1.769 0.426 -1.375 
1.769 0.426 -1.375 
1.769 0.426 -1.375 
1.769 0.426 -1.375 
1.769 0.426 -1.375 
1.769 0.426 -1.375 
1.769 0.426 -1.375 
1.769 0.426 -1.375 
1.769 0.426 -1.375 
1.769 0.426 -1.375 
1.769 0.426 -1.375 
1.769 0.426 -1.375 
1.769 0.426 -1.375 
1.769 0.426 -1.375 
1.769 0.426 -1.375 
1.769 0.426 -1.375 
1.769 0.426 -1.375 
1.769 0.426 -1.375 
1.769 0.426 -1.375 
1.769 0.426 -1.375 
1.769 0.426 -1.375 
1.769 0.426 -1.375 
1.769 0.426 -1.375 
1.769 0.426 -1.375 
1.769 0.426 -1.375 
1.769 0.426 -1.375 
1.769 0.426 -1.375 
1.769 0.426 -1.375 
1.769 0.426 -1.375 
1.769 0.426 -1.375 
1.769 0.426 -1.375 
1.769 0.426 -1.375 
1.769 0.426 -1.375 
1.769 0.426 -1.375 
1.769 0.426 -1.375 
1.769 0.426 -1.375 
1.769 0.426 -1.375 
1.769 0.426 -1.375 
1.769 0.426 -1.375 
1.769 0.426 -1.375 
1.769 0.426 -1.375 
1.769 0.426 -1.375 
1.769 0.426 -1.375 
1.769 0.426 -1.375 
1.769 0.426 -1.375 
1.769 0.426 -1.375 
1.769 0.426 -1.375 
1.769 0.426 -1.375 
1.769 0.426 -1.375 
1.769 0.426 -1.375 
1.769 0.426 -1.375 
1.769 0.426 -1.375 
1.769 0.426 -1.375 
1.769 0.426 -1.375 
1.769 0.426 -1.375 
1.769 0.426 -1.375 
1.769 0.426 -1.375 
1.769 0.426 -1.375 
1.769 0.426 -1.375 
1.769 0.426 -1.375 
1.769 0.426 -1.375 
1.769 0.426 -1.375 
1.769 0.426 -1.375 
1.769 0.426 -1.375 
1.769 0.426 -1.375 
1.769 0.426 -1.375 
1.769 0.426 -1.375 
1.769 0.426 -1.375 
1.769 0.426 -1.375 
1.769 0.426 -1.375 
1.769 0.426 -1.375 
1.769 0.426 -1.375 
1.769 0.426 -1.375 
1.769 0.426 -1.375 
1.769 0.426 -1.375 
1.769 0.426 -1.375 
1.769 0.426 -1.375 
1.769 0.426 -1.375 
1.769 0.426 -1.375 
1.769 0.426 -1.375 
1.769 0.426 -1.375 
1.769 0.426 -1.375 
1.769 0.426 -1.375 
1.769 0.426 -1.375 
1.769 0.426 -1.375 
1.769 0.426 -1.375 
1.769 0.426 -1.375 
1.769 0.426 -1.375 
1.769 0.426 -1.375 
1.769 0.426 -1.375 
1.769 0.426 -1.375 
1.769 0.426 -1.375 
1.769 0.426 -1.375 
1.769 0.426 -1.375 
1.769 0.426 -1.375 
1.769 0.426 -1.375 
1.769 0.426 -1.375 
1.769 0.426 -1.375 
1.769 0.426 -1.375 
1.769 0.426 -1.375 
1.769 0.426 -1.375 
1.769 0.426 -1.375 
1.769 0.426 -1.375 
1.769 0.426 -1.375 
1.769 0.426 -1.375 
1.769 0.426 -1.375 
1.769 0.426 -1.375 
1.769 0.426 -1.375 
1.769 0.426 -1.375 
1.769 0.426 -1.375 
1.769 0.426 -1.375 
1.769 0.426 -1.375 
1.769 0.426 -1.375 
1.769 0.426 -1.375 
1.769 0.426 -1.375 
1.769 0.426 -1.375 
1.769 0.426 -1.375 
1.769 0.426 -1.375 
1.769 0.426 -1.375 
1.769 0.426 -1.375 
1.769 0.426 -1.375 
1.769 0.426 -1.375 
1.769 0.426 -1.375 
1.769 0.426 -1.375 
1.769 0.426 -1.375 
1.769 0.426 -1.375 
1.769 0.426 -1.375 
1.769 0.426 -1.375 
1.769 0.426 -1.375 
1.769 0.426 -1.375 
1.769 0.426 -1.375 
1.769 0.426 -1.375 
1.769 0.426 -1.375 
1.769 0.426 -1.375 
1.769 0.426 -1.375 
1.769 0.426 -1.375 
1.769 0.426 -1.375 
1.769 0.426 -1.375 
1.769 0.426 -1.375 
1.769 0.426 -1.375 
1.769 0.426 -1.375 
1.769 0.426 -1.375 
1.769 0.426 -1.375 
1.769 0.426 -1.375 
1.769 0.426 -1.375 
1.769 0.426 -1.375 
1.769 0.426 -1.375 
1.769 0.426 -1.375 
1.769 0.426 -1.375 
1.769 0.426 -1.375 
1.769 0.426 -1.375 
1.769 0.426 -1.375 
1.769 0.426 -1.375 
1.769 0.426 -1.375 
1.769 0.426 -1.375 
1.769 0.426 -1.375 
1.769 0.426 -1.375 
1.769 0.426 -1.375 
1.769 0.426 -1.375 
1.769 0.426 -1.375 
1.769 0.426 -1.375 
1.769 0.426 -1.375 
1.769 0.426 -1.375 
1.769 0.426 -1.375 
1.769 0.426 -1.375 
1.769 0.426 -1.375 
1.769 0.426 -1.375 
1.769 0.426 -1.375 
1.769 0.426 -1.375 
1.769 0.426 -1.375 
1.769 0.426 -1.375 
1.769 0.426 -1.375 
1.769 0.426 -1.375 
1.769 0.426 -1.375 
1.769 0.426 -1.375 
1.769 0.426 -1.375 
1.769 0.426 -1.375 
1.769 0.426 -1.375 
1.769 0.426 -1.375 
1.769 0.426 -1.375 
1.769 0.426 -1.375 
1.769 0.426 -1.375 
1.769 0.426 -1.375 
1.769 0.426 -1.375 
1.769 0.426 -1.375 
1.769 0.426 -1.375 
1.769 0.426 -1.375 
1.769 0.426 -1.375 
1.769 0.426 -1.375 
1.769 0.426 -1.375 
1.769 0.426 -1.375 
1.769 0.426 -1.375 
1.769 0.426 -1.375 
1.769 0.426 -1.375 
1.769 0.426 -1.375 
1.769 0.426 -1.375 
1.769 0.426 -1.375 
1.769 0.426 -1.375 
1.769 0.426 -1.375 
1.769 0.426 -1.375 
1.769 0.426 -1.375 
1.769 0.426 -1.375 
1.769 0.426 -1.375 
1.769 0.426 -1.375 
1.769 0.426 -1.375 
1.769 0.426 -1.375 
1.769 0.426 -1.375 
1.769 0.426 -1.375 
1.769 0.426 -1.375 
1.769 0.426 -1.375 
1.769 0.426 -1.375 
1.769 0.426 -1.375 
1.769 0.426 -1.375 
1.769 0.426 -1.375 
1.769 0.426 -1.375 
1.769 0.426 -1.375 
1.769 0.426 -1.375 
1.769 0.426 -1.375 
1.769 0.426 -1.375 
1.769 0.426 -1.375 
1.769 0.426 -1.375 
1.769 0.426 -1.375 
1.769 0.426 -1.375 
1.769 0.426 -1.375 
1.769 0.426 -1.375 
1.769 0.426 -1.375 
1.769 0.426 -1.375 
1.769 0.426 -1.375 
1.769 0.426 -1.375 
1.769 0.426 -1.375 
1.769 0.426 -1.375 
1.769 0.426 -1.375 
1.769 0.426 -1.375 
1.769 0.426 -1.375 
1.769 0.426 -1.375 
1.769 0.426 -1.375 
1.769 0.426 -1.375 
1.769 0.426 -1.375 
1.769 0.426 -1.375 
1.769 0.426 -1.375 
1.769 0.426 -1.375 
1.769 0.426 -1.375 
1.769 0.426 -1.375 
1.769 0.426 -1.375 
1.769 0.426 -1.375 
1.769 0.426 -1.375 
1.769 0.426 -1.375 
1.769 0.426 -1.375 
1.769 0.426 -1.375 
1.769 0.426 -1.375 
1.769 0.426 -1.375 
1.769 0.426 -1.375 
1.769 0.426 -1.375 
1.769 0.426 -1.375 
1.769 0.426 -1.375 
1.769 0.426 -1.375 
1.769 0.426 -1.375 
1.769 0.426 -1.375 
1.769 0.426 -1.375 
1.769 0.426 -1.375 
1.769 0.426 -1.375 
1.769 0.426 -1.375 
1.769 0.426 -1.375 
1.769 0.426 -1.375 
1.769 0.426 -1.375 
1.769 0.426 -1.375 
1.769 0.426 -1.375 
1.769 0.426 -1.375 
1.769 0.426 -1.375 
1.769 0.426 -1.375 
1.769 0.426 -1.375 
1.769 0.426 -1.375 
1.769 0.426 -1.375 
1.769 0.426 -1.375 
1.769 0.426 -1.375 
1.769 0.426 -1.375 
1.769 0.426 -1.375 
1.769 0.426 -1.375 
1.769 0.426 -1.375 
1.769 0.426 -1.375 
1.769 0.426 -1.375 
1.769 0.426 -1.375 
1.769 0.426 -1.375 
1.769 0.426 -1.375 
1.769 0.426 -1.375 
1.769 0.426 -1.375 
1.769 0.426 -1.375 
1.769 0.426 -1.375 
1.769 0.426 -1.375 
1.769 0.426 -1.375 
1.769 0.426 -1.375 
1.769 0.426 -1.375 
1.769 0.426 -1.375 
1.769 0.426 -1.375 
1.769 0.426 -1.375 
1.769 0.426 -1.375 
1.769 0.426 -1.375 
1.769 0.426 -1.375 
1.769 0.426 -1.375 
1.769 0.426 -1.375 
1.769 0.426 -1.375 
1.769 0.426 -1.375 
1.769 0.426 -1.375 
1.769 0.426 -1.375 
1.769 0.426 -1.375 
1.769 0.426 -1.375 
1.769 0.426 -1.375 
1.769 0.426 -1.375 
1.769 0.426 -1.375 
1.769 0.426 -1.375 
1.769 0.426 -1.375 
1.769 0.426 -1.375 
1.769 0.426 -1.375 
1.769 0.426 -1.375 
1.769 0.426 -1.375 
1.769 0.426 -1.375 
1.769 0.426 -1.375 
1.769 0.426 -1.375 
1.769 0.426 -1.375 
1.769 0.426 -1.375 
1.769 0.426 -1.375 
1.769 0.426 -1.375 
1.769 0.426 -1.375 
1.769 0.426 -1.375 
1.769 0.426 -1.375 
1.769 0.426 -1.375 
1.769 0.426 -1.375 
1.769 0.426 -1.375 
1.769 0.426 -1.375 
1.769 0.426 -1.375 
1.769 0.426 -1.375 
1.769 0.426 -1.375 
1.769 0.426 -1.375 
1.769 0.426 -1.375 
1.769 0.426 -1.375 
1.769 0.426 -1.375 
1.769 0.426 -1.375 
1.769 0.426 -1.375 
1.769 0.426 -1.375 
1.769 0.426 -1.375 
1.769 0.426 -1.375 
1.769 0.426 -1.375 
1.769 0.426 -1.375 
1.769 0.426 -1.375 
1.769 0.426 -1.375 
1.769 0.426 -1.375 
1.769 0.426 -1.375 
1.769 0.426 -1.375 
1.769 0.426 -1.375 
1.769 0.426 -1.375 
1.769 0.426 -1.375 
1.769 0.426 -1.375 
1.769 0.426 -1.375 
1.769 0.426 -1.375 
1.769 0.426 -1.375 
1.769 0.426 -1.375 
1.769 0.426 -1.375 
1.769 0.426 -1.375 
1.769 0.426 -1.375 
1.769 0.426 -1.375 
1.769 0.426 -1.375 
1.769 0.426 -1.375 
1.769 0.426 -1.375 
1.769 0.426 -1.375 
1.769 0.426 -1.375 
1.769 0.426 -1.375 
1.769 0.426 -1.375 
1.769 0.426 -1.375 
1.769 0.426 -1.375 
1.769 0.426 -1.375 
1.769 0.426 -1.375 
1.769 0.426 -1.375 
1.769 0.426 -1.375 
1.769 0.426 -1.375 
1.769 0.426 -1.375 
1.769 0.426 -1.375 
1.769 0.426 -1.375 
1.769 0.426 -1.375 
1.769 0.426 -1.375 
1.769 0.426 -1.375 
1.769 0.426 -1.375 
1.769 0.426 -1.375 
1.769 0.426 -1.375 
1.769 0.426 -1.375 
1.769 0.426 -1.375 
1.769 0.426 -1.375 
1.769 0.426 -1.375 
1.769 0.426 -1.375 
1.769 0.426 -1.375 
1.769 0.426 -1.375 
1.769 0.426 -1.375 
1.769 0.426 -1.375 
1.769 0.426 -1.375 
1.769 0.426 -1.375 
1.769 0.426 -1.375 
1.769 0.426 -1.375 
1.769 0.426 -1.375 
1.769 0.426 -1.375 
1.769 0.426 -1.375 
1.769 0.426 -1.375 
1.769 0.426 -1.375 
1.769 0.426 -1.375 
1.769 0.426 -1.375 
1.769 0.426 -1.375 
1.769 0.426 -1.375 
1.769 0.426 -1.375 
1.769 0.426 -1.375 
1.769 0.426 -1.375 
1.769 0.426 -1.375 
1.769 0.426 -1.375 
1.769 0.426 -1.375 
1.769 0.426 -1.375 
1.769 0.426 -1.375 
1.769 0.426 -1.375 
1.769 0.426 -1.375 
1.769 0.426 -1.375 
1.769 0.426 -1.375 
1.769 0.426 -1.375 
1.769 0.426 -1.375 
1.769 0.426 -1.375 
1.769 0.426 -1.375 
1.769 0.426 -1.375 
1.769 0.426 -1.375 
1.769 0.426 -1.375 
1.769 0.426 -1.375 
1.769 0.426 -1.375 
1.769 0.426 -1.375 
1.769 0.426 -1.375 
1.769 0.426 -1.375 
1.769 0.426 -1.375 
1.769 0.426 -1.375 
1.769 0.426 -1.375 
1.769 0.426 -1.375 
1.769 0.426 -1.375 
1.769 0.426 -1.375 
1.769 0.426 -1.375 
1.769 0.426 -1.375 
1.769 0.426 -1.375 
1.769 0.426 -1.375 
1.769 0.426 -1.375 
1.769 0.426 -1.375 
1.769 0.426 -1.375 
1.769 0.426 -1.375 
1.769 0.426 -1.375 
1.769 0.426 -1.375 
1.769 0.426 -1.375 
1.769 0.426 -1.375 
1.769 0.426 -1.375 
1.769 0.426 -1.375 
1.769 0.426 -1.375 
1.769 0.426 -1.375 
1.769 0.426 -1.375 
1.769 0.426 -1.375 
1.769 0.426 -1.375 
1.769 0.426 -1.375 
1.769 0.426 -1.375 
1.769 0.426 -1.375 
1.769 0.426 -1.375 
1.769 0.426 -1.375 
1.769 0.426 -1.375 
1.769 0.426 -1.375 
1.769 0.426 -1.375 
1.769 0.426 -1.375 
1.769 0.426 -1.375 
1.769 0.426 -1.375 
1.769 0.426 -1.375 
1.769 0.426 -1.375 
1.769 0.426 -1.375 
1.769 0.426 -1.375 
1.769 0.426 -1.375 
1.769 0.426 -1.375 
1.769 0.426 -1.375 
1.769 0.426 -1.375 
1.769 0.426 -1.375 
1.769 0.426 -1.375 
1.769 0.426 -1.375 
1.769 0.426 -1.375 
1.769 0.426 -1.375 
1.769 0.426 -1.375 
1.769 0.426 -1.375 
1.769 0.426 -1.375 
1.769 0.426 -1.375 
1.769 0.426 -1.375 
1.769 0.426 -1.375 
1.769 0.426 -1.375 
1.769 0.426 -1.375 
1.769 0.426 -1.375 
1.769 0.426 -1.375 
1.769 0.426 -1.375 
1.769 0.426 -1.375 
1.769 0.426 -1.375 
1.769 0.426 -1.375 
1.769 0.426 -1.375 
1.769 0.426 -1.375 
1.769 0.426 -1.375 
1.769 0.426 -1.375 
1.769 0.426 -1.375 
1.769 0.426 -1.375 
1.769 0.426 -1.375 
1.769 0.426 -1.375 
1.769 0.426 -1.375 
1.769 0.426 -1.375 
1.769 0.426 -1.375 
1.769 0.426 -1.375 
1.769 0.426 -1.375 
1.769 0.426 -1.375 
1.769 0.426 -1.375 
1.769 0.426 -1.375 
1.769 0.426 -1.375 
1.769 0.426 -1.375 
1.769 0.426 -1.375 
1.769 0.426 -1.375 
1.769 0.426 -1.375 
1.769 0.426 -1.375 
1.769 0.426 -1.375 
1.769 0.426 -1.375 
1.769 0.426 -1.375 
1.769 0.426 -1.375 
1.769 0.426 -1.375 
1.769 0.426 -1.375 
1.769 0.426 -1.375 
1.769 0.426 -1.375 
1.769 0.426 -1.375 
1.769 0.426 -1.375 
1.769 0.426 -1.375 
1.769 0.426 -1.375 
1.769 0.426 -1.375 
1.769 0.426 -1.375 
1.769 0.426 -1.375 
1.769 0.426 -1.375 
1.769 0.426 -1.375 
1.769 0.426 -1.375 
1.769 0.426 -1.375 
1.769 0.426 -1.375 
1.769 0.426 -1.375 
1.769 0.426 -1.375 
1.769 0.426 -1.375 
1.769 0.426 -1.375 
1.769 0.426 -1.375 
1.769 0.426 -1.375 
1.769 0.426 -1.375 
1.769 0.426 -1.375 
1.769 0.426 -1.375 
1.769 0.426 -1.375 
1.769 0.426 -1.375 
1.769 0.426 -1.375 
1.769 0.426 -1.375 
1.769 0.426 -1.375 
1.769 0.426 -1.375 
1.769 0.426 -1.375 
1.769 0.426 -1.375 
1.769 0.426 -1.375 
1.769 0.426 -1.375 
1.769 0.426 -1.375 
1.769 0.426 -1.375 
1.769 0.426 -1.375 
1.769 0.426 -1.375 
1.769 0.426 -1.375 
1.769 0.426 -1.375 
1.769 0.426 -1.375 
1.769 0.426 -1.375 
1.769 0.426 -1.375 
1.769 0.426 -1.375 
1.769 0.426 -1.375 
1.769 0.426 -1.375 
1.769 0.426 -1.375 
1.769 0.426 -1.375 
1.769 0.426 -1.375 
1.769 0.426 -1.375 
1.769 0.426 -1.375 
1.769 0.426 -1.375 
1.769 0.426 -1.375 
1.769 0.426 -1.375 
1.769 0.426 -1.375 
1.769 0.426 -1.375 
1.769 0.426 -1.375 
1.769 0.426 -1.375 
1.769 0.426 -1.375 
1.769 0.426 -1.375 
1.769 0.426 -1.375 
1.769 0.426 -1.375 
1.769 0.426 -1.375 
1.769 0.426 -1.375 
1.769 0.426 -1.375 
1.769 0.426 -1.375 
1.769 0.426 -1.375 
1.769 0.426 -1.375 
1.769 0.426 -1.375 
1.769 0.426 -1.375 
1.769 0.426 -1.375 
1.769 0.426 -1.375 
1.769 0.426 -1.375 
1.769 0.426 -1.375 
1.769 0.426 -1.375 
1.769 0.426 -1.375 
1.769 0.426 -1.375 
1.769 0.426 -1.375 
1.769 0.426 -1.375 
1.769 0.426 -1.375 
1.769 0.426 -1.375 
1.769 0.426 -1.375 
1.769 0.426 -1.375 
1.769 0.426 -1.375 
1.769 0.426 -1.375 
1.769 0.426 -1.375 
1.769 0.426 -1.375 
1.769 0.426 -1.375 
1.769 0.426 -1.375 
1.769 0.426 -1.375 
1.769 0.426 -1.375 
1.769 0.426 -1.375 
1.769 0.426 -1.375 
1.769 0.426 -1.375 
1.769 0.426 -1.375 
1.769 0.426 -1.375 
1.769 0.426 -1.375 
1.769 0.426 -1.375 
1.769 0.426 -1.375 
1.769 0.426 -1.375 
1.769 0.426 -1.375 
1.769 0.426 -1.375 
1.769 0.426 -1.375 
1.769 0.426 -1.375 
1.769 0.426 -1.375 
1.769 0.426 -1.375 
1.769 0.426 -1.375 
1.769 0.426 -1.375 
1.769 0.426 -1.375 
1.769 0.426 -1.375 
1.769 0.426 -1.375 
1.769 0.426 -1.375 
1.769 0.426 -1.375 
1.769 0.426 -1.375 
1.769 0.426 -1.375 
1.769 0.426 -1.375 
1.769 0.426 -1.375 
1.769 0.426 -1.375 
1.769 0.426 -1.375 
1.769 0.426 -1.375 
1.769 0.426 -1.375 
1.769 0.426 -1.375 
1.769 0.426 -1.375 
1.769 0.426 -1.375 
1.769 0.426 -1.375 
1.769 0.426 -1.375 
1.769 0.426 -1.375 
1.769 0.426 -1.375 
1.769 0.426 -1.375 
1.769 0.426 -1.375 
1.769 0.426 -1.375 
1.769 0.426 -1.375 
1.769 0.426 -1.375 
1.769 0.426 -1.375 
1.769 0.426 -1.375 
1.769 0.426 -1.375 
1.769 0.426 -1.375 
1.769 0.426 -1.375 
1.769 0.426 -1.375 
1.769 0.426 -1.375 
1.769 0.426 -1.375 
1.769 0.426 -1.375 
1.769 0.426 -1.375 
1.769 0.426 -1.375 
1.769 0.426 -1.375 
1.769 0.426 -1.375 
1.769 0.426 -1.375 
1.769 0.426 -1.375 
1.769 0.426 -1.375 
1.769 0.426 -1.375 
1.769 0.426 -1.375 
1.769 0.426 -1.375 
1.769 0.426 -1.375 
1.769 0.426 -1.375 
1.769 0.426 -1.375 
1.769 0.426 -1.375 
1.769 0.426 -1.375 
1.769 0.426 -1.375 
1.769 0.426 -1.375 
1.769 0.426 -1.375 
1.769 0.426 -1.375 
1.769 0.426 -1.375 
1.769 0.426 -1.375 
1.769 0.426 -1.375 
1.769 0.426 -1.375 
1.769 0.426 -1.375 
1.769 0.426 -1.375 
1.769 0.426 -1.375 
1.769 0.426 -1.375 
1.769 0.426 -1.375 
1.769 0.426 -1.375 
1.769 0.426 -1.375 
1.769 0.426 -1.375 
1.769 0.426 -1.375 
1.769 0.426 -1.375 
1.769 0.426 -1.375 
1.769 0.426 -1.375 
1.769 0.426 -1.375 
1.769 0.426 -1.375 
1.769 0.426 -1.375 
1.769 0.426 -1.375 
1.769 0.426 -1.375 
1.769 0.426 -1.375 
1.769 0.426 -1.375 
1.769 0.426 -1.375 
1.769 0.426 -1.375 
1.769 0.426 -1.375 
1.769 0.426 -1.375 
1.769 0.426 -1.375 
1.769 0.426 -1.375 
1.769 0.426 -1.375 
1.769 0.426 -1.375 
1.769 0.426 -1.375 
1.769 0.426 -1.375 
1.769 0.426 -1.375 
1.769 0.426 -1.375 
1.769 0.426 -1.375 
1.769 0.426 -1.375 
1.769 0.426 -1.375 
1.769 0.426 -1.375 
1.769 0.426 -1.375 
1.769 0.426 -1.375 
1.769 0.426 -1.375 
1.769 0.426 -1.375 
1.769 0.426 -1.375 
1.769 0.426 -1.375 
1.769 0.426 -1.375 
1.769 0.426 -1.375 
1.769 0.426 -1.375 
1.769 0.426 -1.375 
1.769 0.426 -1.375 
1.769 0.426 -1.375 
1.769 0.426 -1.375 
1.769 0.426 -1.375 
1.769 0.426 -1.375 
1.769 0.426 -1.375 
1.769 0.426 -1.375 
1.769 0.426 -1.375 
1.769 0.426 -1.375 
1.769 0.426 -1.375 
1.769 0.426 -1.375 
1.769 0.426 -1.375 
1.769 0.426 -1.375 
1.769 0.426 -1.375 
1.769 0.426 -1.375 
1.769 0.426 -1.375 
1.769 0.426 -1.375 
1.769 0.426 -1.375 
1.769 0.426 -1.375 
1.769 0.426 -1.375 
1.769 0.426 -1.375 
1.769 0.426 -1.375 
1.769 0.426 -1.375 
1.769 0.426 -1.375 
1.769 0.426 -1.375 
1.769 0.426 -1.375 
1.769 0.426 -1.375 
1.769 0.426 -1.375 
1.769 0.426 -1.375 
1.769 0.426 -1.375 
1.769 0.426 -1.375 
1.769 0.426 -1.375 
1.769 0.426 -1.375 
1.769 0.426 -1.375 
1.769 0.426 -1.375 
1.769 0.426 -1.375 
1.769 0.426 -1.375 
1.769 0.426 -1.375 
1.769 0.426 -1.375 
1.769 0.426 -1.375 
1.769 0.426 -1.375 
1.769 0.426 -1.375 
1.769 0.426 -1.375 
1.769 0.426 -1.375 
1.769 0.426 -1.375 
1.769 0.426 -1.375 
1.769 0.426 -1.375 
1.769 0.426 -1.375 
1.769 0.426 -1.375 
1.769 0.426 -1.375 
1.769 0.426 -1.375 
1.769 0.426 -1.375 
1.769 0.426 -1.375 
1.769 0.426 -1.375 
1.769 0.426 -1.375 
1.769 0.426 -1.375 
1.769 0.426 -1.375 
1.769 0.426 -1.375 
1.769 0.426 -1.375 
1.769 0.426 -1.375 
1.769 0.426 -1.375 
1.769 0.426 -1.375 
1.769 0.426 -1.375 
1.769 0.426 -1.375 
1.769 0.426 -1.375 
1.769 0.426 -1.375 
1.769 0.426 -1.375 
1.769 0.426 -1.375 
1.769 0.426 -1.375 
1.769 0.426 -1.375 
1.769 0.426 -1.375 
1.769 0.426 -1.375 
1.769 0.426 -1.375 
1.769 0.426 -1.375 
1.769 0.426 -1.375 
1.769 0.426 -1.375 
1.769 0.426 -1.375 
1.769 0.426 -1.375 
1.769 0.426 -1.375 
1.769 0.426 -1.375 
1.769 0.426 -1.375 
1.769 0.426 -1.375 
1.769 0.426 -1.375 
1.769 0.426 -1.375 
1.769 0.426 -1.375 
1.769 0.426 -1.375 
1.769 0.426 -1.375 
1.769 0.426 -1.375 
1.769 0.426 -1.375 
1.769 0.426 -1.375 
1.769 0.426 -1.375 
1.769 0.426 -1.375 
1.769 0.426 -1.375 
1.769 0.426 -1.375 
1.769 0.426 -1.375 
1.769 0.426 -1.375 
1.769 0.426 -1.375 
1.769 0.426 -1.375 
1.769 0.426 -1.375 
1.769 0.426 -1.375 
1.769 0.426 -1.375 
1.769 0.426 -1.375 
1.769 0.426 -1.375 
1.769 0.426 -1.375 
1.769 0.426 -1.375 
1.769 0.426 -1.375 
1.769 0.426 -1.375 
1.769 0.426 -1.375 
1.769 0.426 -1.375 
1.769 0.426 -1.375 
1.769 0.426 -1.375 
1.769 0.426 -1.375 
1.769 0.426 -1.375 
1.769 0.426 -1.375 
1.769 0.426 -1.375 
1.769 0.426 -1.375 
1.769 0.426 -1.375 
1.769 0.426 -1.375 
1.769 0.426 -1.375 
1.769 0.426 -1.375 
1.769 0.426 -1.375 
1.769 0.426 -1.375 
1.769 0.426 -1.375 
1.769 0.426 -1.375 
1.769 0.426 -1.375 
1.769 0.426 -1.375 
1.769 0.426 -1.375 
1.769 0.426 -1.375 
1.769 0.426 -1.375 
1.769 0.426 -1.375 
1.769 0.426 -1.375 
1.769 0.426 -1.375 
1.769 0.426 -1.375 
1.769 0.426 -1.375 
1.769 0.426 -1.375 
1.769 0.426 -1.375 
1.769 0.426 -1.375 
1.769 0.426 -1.375 
1.769 0.426 -1.375 
1.769 0.426 -1.375 
1.769 0.426 -1.375 
1.769 0.426 -1.375 
1.769 0.426 -1.375 
1.769 0.426 -1.375 
1.769 0.426 -1.375 
1.769 0.426 -1.375 
1.769 0.426 -1.375 
1.769 0.426 -1.375 
1.769 0.426 -1.375 
1.769 0.426 -1.375 
1.769 0.426 -1.375 
1.769 0.426 -1.375 
1.769 0.426 -1.375 
1.769 0.426 -1.375 
1.769 0.426 -1.375 
1.769 0.426 -1.375 
1.769 0.426 -1.375 
1.769 0.426 -1.375 
1.769 0.426 -1.375 
1.769 0.426 -1.375 
1.769 0.426 -1.375 
1.769 0.426 -1.375 
1.769 0.426 -1.375 
1.769 0.426 -1.375 
1.769 0.426 -1.375 
1.769 0.426 -1.375 
1.769 0.426 -1.375 
1.769 0.426 -1.375 
1.769 0.426 -1.375 
1.769 0.426 -1.375 
1.769 0.426 -1.375 
1.769 0.426 -1.375 
1.769 0.426 -1.375 
1.769 0.426 -1.375 
1.769 0.426 -1.375 
1.769 0.426 -1.375 
1.769 0.426 -1.375 
1.769 0.426 -1.375 
1.769 0.426 -1.375 
1.769 0.426 -1.375 
1.769 0.426 -1.375 
1.769 0.426 -1.375 
1.769 0.426 -1.375 
1.769 0.426 -1.375 
1.769 0.426 -1.375 
1.769 0.426 -1.375 
1.769 0.426 -1.375 
1.769 0.426 -1.375 
1.769 0.426 -1.375 
1.769 0.426 -1.375 
1.769 0.426 -1.375 
1.769 0.426 -1.375 
1.769 0.426 -1.375 
1.769 0.426 -1.375 
1.769 0.426 -1.375 
1.769 0.426 -1.375 
1.769 0.426 -1.375 
1.769 0.426 -1.375 
1.769 0.426 -1.375 
1.769 0.426 -1.375 
1.769 0.426 -1.375 
1.769 0.426 -1.375 
1.769 0.426 -1.375 
1.769 0.426 -1.375 
1.769 0.426 -1.375 
1.769 0.426 -1.375 
1.769 0.426 -1.375 
1.769 0.426 -1.375 
1.769 0.426 -1.375 
1.769 0.426 -1.375 
1.769 0.426 -1.375 
1.769 0.426 -1.375 
1.769 0.426 -1.375 
1.769 0.426 -1.375 
1.769 0.426 -1.375 
1.769 0.426 -1.375 
1.769 0.426 -1.375 
1.769 0.426 -1.375 
1.769 0.426 -1.375 
1.769 0.426 -1.375 
1.769 0.426 -1.375 
1.769 0.426 -1.375 
1.769 0.426 -1.375 
1.769 0.426 -1.375 
1.769 0.426 -1.375 
1.769 0.426 -1.375 
1.769 0.426 -1.375 
1.769 0.426 -1.375 
1.769 0.426 -1.375 
1.769 0.426 -1.375 
1.769 0.426 -1.375 
1.769 0.426 -1.375 
1.769 0.426 -1.375 
1.769 0.426 -1.375 
1.769 0.426 -1.375 
1.769 0.426 -1.375 
1.769 0.426 -1.375 
1.769 0.426 -1.375 
1.769 0.426 -1.375 
1.769 0.426 -1.375 
1.769 0.426 -1.375 
1.769 0.426 -1.375 
1.769 0.426 -1.375 
1.769 0.426 -1.375 
1.769 0.426 -1.375 
1.769 0.426 -1.375 
1.769 0.426 -1.375 
1.769 0.426 -1.375 
1.769 0.426 -1.375 
1.769 0.426 -1.375 
1.769 0.426 -1.375 
1.769 0.426 -1.375 
1.769 0.426 -1.375 
1.769 0.426 -1.375 
1.769 0.426 -1.375 
1.769 0.426 -1.375 
1.769 0.426 -1.375 
1.769 0.426 -1.375 
1.769 0.426 -1.375 
1.769 0.426 -1.375 
1.769 0.426 -1.375 
1.769 0.426 -1.375 
1.769 0.426 -1.375 
1.769 0.426 -1.375 
1.769 0.426 -1.375 
1.769 0.426 -1.375 
1.769 0.426 -1.375 
1.769 0.426 -1.375 
1.769 0.426 -1.375 
1.769 0.426 -1.375 
1.769 0.426 -1.375 
1.769 0.426 -1.375 
1.769 0.426 -1.375 
1.769 0.426 -1.375 
1.769 0.426 -1.375 
1.769 0.426 -1.375 
1.769 0.426 -1.375 
1.769 0.426 -1.375 
1.769 0.426 -1.375 
1.769 0.426 -1.375 
1.769 0.426 -1.375 
1.769 0.426 -1.375 
1.769 0.426 -1.375 
1.769 0.426 -1.375 
1.769 0.426 -1.375 
1.769 0.426 -1.375 
1.769 0.426 -1.375 
1.769 0.426 -1.375 
1.769 0.426 -1.375 
1.769 0.426 -1.375 
1.769 0.426 -1.375 
1.769 0.426 -1.375 
1.769 0.426 -1.375 
1.769 0.426 -1.375 
1.769 0.426 -1.375 
1.769 0.426 -1.375 
1.769 0.426 -1.375 
1.769 0.426 -1.375 
1.769 0.426 -1.375 
1.769 0.426 -1.375 
1.769 0.426 -1.375 
1.769 0.426 -1.375 
1.769 0.426 -1.375 
1.769 0.426 -1.375 
1.769 0.426 -1.375 
1.769 0.426 -1.375 
1.769 0.426 -1.375 
1.769 0.426 -1.375 
1.769 0.426 -1.375 
1.769 0.426 -1.375 
1.769 0.426 -1.375 
1.769 0.426 -1.375 
1.769 0.426 -1.375 
1.769 0.426 -1.375 
1.769 0.426 -1.375 
1.769 0.426 -1.375 
1.769 0.426 -1.375 
1.769 0.426 -1.375 
1.769 0.426 -1.375 
1.769 0.426 -1.375 
1.769 0.426 -1.375 
1.769 0.426 -1.375 
1.769 0.426 -1.375 
1.769 0.426 -1.375 
1.769 0.426 -1.375 
1.769 0.426 -1.375 
1.769 0.426 -1.375 
1.769 0.426 -1.375 
1.769 0.426 -1.375 
1.769 0.426 -1.375 
1.769 0.426 -1.375 
1.769 0.426 -1.375 
1.769 0.426 -1.375 
1.769 0.426 -1.375 
1.769 0.426 -1.375 
1.769 0.426 -1.375 
1.769 0.426 -1.375 
1.769 0.426 -1.375 
1.769 0.426 -1.375 
1.769 0.426 -1.375 
1.769 0.426 -1.375 
1.769 0.426 -1.375 
1.769 0.426 -1.375 
1.769 0.426 -1.375 
1.769 0.426 -1.375 
1.769 0.426 -1.375 
1.769 0.426 -1.375 
1.769 0.426 -1.375 
1.769 0.426 -1.375 
1.769 0.426 -1.375 
1.769 0.426 -1.375 
1.769 0.426 -1.375 
1.769 0.426 -1.375 
1.769 0.426 -1.375 
1.769 0.426 -1.375 
1.769 0.426 -1.375 
1.769 0.426 -1.375 
1.769 0.426 -1.375 
1.769 0.426 -1.375 
1.769 0.426 -1.375 
1.769 0.426 -1.375 
1.769 0.426 -1.375 
1.769 0.426 -1.375 
1.769 0.426 -1.375 
1.769 0.426 -1.375 
1.769 0.426 -1.375 
1.769 0.426 -1.375 
1.769 0.426 -1.375 
1.769 0.426 -1.375 
1.769 0.426 -1.375 
1.769 0.426 -1.375 
1.769 0.426 -1.375 
1.769 0.426 -1.375 
1.769 0.426 -1.375 
1.769 0.426 -1.375 
1.769 0.426 -1.375 
1.769 0.426 -1.375 
1.769 0.426 -1.375 
1.769 0.426 -1.375 
1.769 0.426 -1.375 
1.769 0.426 -1.375 
1.769 0.426 -1.375 
1.769 0.426 -1.375 
1.769 0.426 -1.375 
1.769 0.426 -1.375 
1.769 0.426 -1.375 
1.769 0.426 -1.375 
1.769 0.426 -1.375 
1.769 0.426 -1.375 
1.769 0.426 -1.375 
1.769 0.426 -1.375 
1.769 0.426 -1.375 
1.769 0.426 -1.375 
1.769 0.426 -1.375 
1.769 0.426 -1.375 
1.769 0.426 -1.375 
1.769 0.426 -1.375 
1.769 0.426 -1.375 
1.769 0.426 -1.375 
1.769 0.426 -1.375 
1.769 0.426 -1.375 
1.769 0.426 -1.375 
1.769 0.426 -1.375 
