-2.000 -0.500 -0.000 
-2.000 -0.500 -0.000 
-2.000 -0.500 -0.000 
-2.000 -0.500 -0.000 
-2.000 -0.500 -0.000 
-2.000 -0.500 -0.000 
-2.000 -0.500 -0.000 
-2.000 -0.500 -0.000 
-2.000 -0.500 -0.000 
-2.000 -0.500 -0.000 
-2.000 -0.500 -0.000 
-2.000 -0.500 -0.000 
-2.000 -0.500 -0.000 
-2.000 -0.500 -0.000 
-2.000 -0.500 -0.000 
-2.000 -0.500 -0.000 
-2.000 -0.500 -0.000 
-2.000 -0.500 -0.000 
-2.000 -0.500 -0.000 
-2.000 -0.500 -0.000 
-2.000 -0.500 -0.000 
-2.000 -0.500 -0.000 
-2.000 -0.500 -0.000 
-2.000 -0.500 -0.000 
-2.000 -0.500 -0.000 
-2.000 -0.500 -0.000 
-2.000 -0.500 -0.000 
-2.000 -0.500 -0.000 
-2.000 -0.500 -0.000 
-2.000 -0.500 -0.000 
-2.000 -0.500 -0.000 
-2.000 -0.500 -0.000 
-2.000 -0.500 -0.000 
-2.000 -0.500 -0.000 
-2.000 -0.500 -0.000 
-2.000 -0.500 -0.000 
-2.000 -0.500 -0.000 
-2.000 -0.500 -0.000 
-2.000 -0.500 -0.000 
-2.000 -0.500 -0.000 
-2.000 -0.500 -0.000 
-2.000 -0.500 -0.000 
-2.000 -0.500 -0.000 
-2.000 -0.500 -0.000 
-2.000 -0.500 -0.000 
-2.000 -0.500 -0.000 
-2.000 -0.500 -0.000 
-2.000 -0.500 -0.000 
-2.000 -0.500 -0.000 
-2.000 -0.500 -0.000 
-2.000 -0.500 -0.000 
-2.000 -0.500 -0.000 
-2.000 -0.500 -0.000 
-2.000 -0.500 -0.000 
-2.000 -0.500 -0.000 
-2.000 -0.500 -0.000 
-2.000 -0.500 -0.000 
-2.000 -0.500 -0.000 
-2.000 -0.500 -0.000 
-2.000 -0.500 -0.000 
-2.000 -0.500 -0.000 
-2.000 -0.500 -0.000 
-2.000 -0.500 -0.000 
-2.000 -0.500 -0.000 
-2.000 -0.500 -0.000 
-2.000 -0.500 -0.000 
-2.000 -0.500 -0.000 
-2.000 -0.500 -0.000 
-2.000 -0.500 -0.000 
-2.000 -0.500 -0.000 
-2.000 -0.500 -0.000 
-2.000 -0.500 -0.000 
-2.000 -0.500 -0.000 
-2.000 -0.500 -0.000 
-2.000 -0.500 -0.000 
-2.000 -0.500 -0.000 
-2.000 -0.500 -0.000 
-2.000 -0.500 -0.000 
-2.000 -0.500 -0.000 
-2.000 -0.500 -0.000 
-2.000 -0.500 -0.000 
-2.000 -0.500 -0.000 
-2.000 -0.500 -0.000 
-2.000 -0.500 -0.000 
-2.000 -0.500 -0.000 
-2.000 -0.500 -0.000 
-2.000 -0.500 -0.000 
-2.000 -0.500 -0.000 
-2.000 -0.500 -0.000 
-2.000 -0.500 -0.000 
-2.000 -0.500 -0.000 
-2.000 -0.500 -0.000 
-2.000 -0.500 -0.000 
-2.000 -0.500 -0.000 
-2.000 -0.500 -0.000 
-2.000 -0.500 -0.000 
-2.000 -0.500 -0.000 
-2.000 -0.500 -0.000 
-2.000 -0.500 -0.000 
-2.000 -0.500 -0.000 
-2.000 -0.500 -0.000 
-2.000 -0.500 -0.000 
-2.000 -0.500 -0.000 
-2.000 -0.500 -0.000 
-2.000 -0.500 -0.000 
-2.000 -0.500 -0.000 
-2.000 -0.500 -0.000 
-2.000 -0.500 -0.000 
-2.000 -0.500 -0.000 
-2.000 -0.500 -0.000 
-2.000 -0.500 -0.000 
-2.000 -0.500 -0.000 
-2.000 -0.500 -0.000 
-2.000 -0.500 -0.000 
-2.000 -0.500 -0.000 
-2.000 -0.500 -0.000 
-2.000 -0.500 -0.000 
-1.998 -0.500 -0.000 
-1.996 -0.500 -0.000 
-1.993 -0.500 -0.000 
-1.990 -0.500 -0.000 
-1.985 -0.500 -0.000 
-1.980 -0.500 -0.000 
-1.975 -0.500 -0.000 
-1.969 -0.500 -0.000 
-1.963 -0.500 -0.000 
-1.957 -0.500 -0.000 
-1.951 -0.500 -0.000 
-1.945 -0.500 -0.000 
-1.938 -0.500 -0.000 
-1.931 -0.500 -0.002 
-1.924 -0.500 -0.006 
-1.917 -0.500 -0.011 
-1.911 -0.500 -0.016 
-1.903 -0.500 -0.020 
-1.896 -0.500 -0.024 
-1.889 -0.501 -0.027 
-1.881 -0.501 -0.031 
-1.874 -0.501 -0.034 
-1.867 -0.501 -0.037 
-1.860 -0.502 -0.040 
-1.853 -0.502 -0.043 
-1.846 -0.502 -0.046 
-1.839 -0.503 -0.050 
-1.832 -0.503 -0.054 
-1.824 -0.503 -0.057 
-1.817 -0.504 -0.062 
-1.810 -0.504 -0.068 
-1.804 -0.505 -0.073 
-1.796 -0.505 -0.079 
-1.789 -0.506 -0.084 
-1.782 -0.506 -0.089 
-1.774 -0.507 -0.094 
-1.767 -0.508 -0.099 
-1.760 -0.509 -0.104 
-1.753 -0.509 -0.108 
-1.746 -0.510 -0.113 
-1.738 -0.511 -0.119 
-1.731 -0.512 -0.123 
-1.724 -0.513 -0.126 
-1.717 -0.514 -0.128 
-1.709 -0.515 -0.129 
-1.702 -0.516 -0.129 
-1.695 -0.517 -0.130 
-1.688 -0.517 -0.130 
-1.680 -0.518 -0.130 
-1.673 -0.519 -0.130 
-1.666 -0.520 -0.132 
-1.659 -0.521 -0.134 
-1.652 -0.522 -0.134 
-1.645 -0.523 -0.138 
-1.638 -0.524 -0.143 
-1.632 -0.525 -0.147 
-1.625 -0.526 -0.150 
-1.618 -0.527 -0.150 
-1.610 -0.528 -0.149 
-1.603 -0.529 -0.148 
-1.596 -0.530 -0.147 
-1.589 -0.532 -0.146 
-1.581 -0.533 -0.144 
-1.574 -0.534 -0.143 
-1.567 -0.535 -0.142 
-1.559 -0.536 -0.141 
-1.552 -0.537 -0.139 
-1.545 -0.538 -0.138 
-1.538 -0.539 -0.139 
-1.531 -0.540 -0.139 
-1.524 -0.541 -0.138 
-1.516 -0.542 -0.137 
-1.509 -0.543 -0.136 
-1.502 -0.544 -0.134 
-1.495 -0.545 -0.133 
-1.487 -0.546 -0.132 
-1.480 -0.547 -0.130 
-1.473 -0.548 -0.129 
-1.466 -0.549 -0.128 
-1.458 -0.549 -0.126 
-1.451 -0.550 -0.125 
-1.444 -0.551 -0.124 
-1.437 -0.552 -0.124 
-1.429 -0.553 -0.125 
-1.422 -0.554 -0.124 
-1.415 -0.555 -0.122 
-1.408 -0.556 -0.120 
-1.400 -0.557 -0.118 
-1.393 -0.557 -0.116 
-1.386 -0.558 -0.119 
-1.379 -0.559 -0.120 
-1.372 -0.560 -0.118 
-1.365 -0.561 -0.116 
-1.358 -0.562 -0.112 
-1.351 -0.562 -0.109 
-1.343 -0.563 -0.110 
-1.336 -0.564 -0.111 
-1.330 -0.565 -0.109 
-1.322 -0.566 -0.110 
-1.315 -0.566 -0.110 
-1.308 -0.567 -0.108 
-1.300 -0.568 -0.105 
-1.293 -0.569 -0.103 
-1.286 -0.569 -0.101 
-1.279 -0.570 -0.098 
-1.271 -0.571 -0.095 
-1.264 -0.572 -0.092 
-1.257 -0.572 -0.089 
-1.249 -0.573 -0.086 
-1.242 -0.573 -0.083 
-1.235 -0.574 -0.085 
-1.228 -0.575 -0.083 
-1.221 -0.575 -0.079 
-1.214 -0.576 -0.075 
-1.207 -0.576 -0.072 
-1.200 -0.577 -0.068 
-1.193 -0.577 -0.066 
-1.186 -0.578 -0.064 
-1.178 -0.578 -0.060 
-1.171 -0.579 -0.062 
-1.164 -0.579 -0.062 
-1.157 -0.579 -0.060 
-1.150 -0.580 -0.058 
-1.143 -0.580 -0.057 
-1.136 -0.581 -0.058 
-1.129 -0.581 -0.058 
-1.122 -0.582 -0.057 
-1.115 -0.582 -0.054 
-1.107 -0.582 -0.052 
-1.100 -0.583 -0.051 
-1.093 -0.583 -0.050 
-1.085 -0.583 -0.052 
-1.078 -0.584 -0.052 
-1.071 -0.584 -0.051 
-1.064 -0.585 -0.051 
-1.057 -0.585 -0.050 
-1.050 -0.585 -0.049 
-1.042 -0.586 -0.049 
-1.035 -0.586 -0.050 
-1.028 -0.586 -0.051 
-1.021 -0.587 -0.052 
-1.014 -0.587 -0.052 
-1.007 -0.587 -0.051 
-0.999 -0.588 -0.052 
-0.992 -0.588 -0.052 
-0.985 -0.589 -0.051 
-0.977 -0.589 -0.047 
-0.970 -0.589 -0.043 
-0.963 -0.590 -0.040 
-0.955 -0.590 -0.036 
-0.948 -0.590 -0.033 
-0.941 -0.590 -0.030 
-0.934 -0.591 -0.030 
-0.926 -0.591 -0.030 
-0.919 -0.591 -0.029 
-0.912 -0.591 -0.031 
-0.905 -0.591 -0.031 
-0.898 -0.592 -0.030 
-0.891 -0.592 -0.029 
-0.883 -0.592 -0.026 
-0.876 -0.592 -0.023 
-0.869 -0.592 -0.023 
-0.862 -0.592 -0.021 
-0.855 -0.593 -0.018 
-0.848 -0.593 -0.017 
-0.841 -0.593 -0.018 
-0.834 -0.593 -0.019 
-0.827 -0.593 -0.021 
-0.820 -0.593 -0.020 
-0.813 -0.593 -0.017 
-0.805 -0.594 -0.012 
-0.798 -0.594 -0.007 
-0.791 -0.594 -0.002 
-0.783 -0.594 0.001 
-0.776 -0.594 0.003 
-0.769 -0.594 0.006 
-0.762 -0.594 0.009 
-0.755 -0.593 0.014 
-0.748 -0.593 0.018 
-0.741 -0.593 0.021 
-0.734 -0.593 0.023 
-0.728 -0.593 0.026 
-0.721 -0.593 0.028 
-0.715 -0.593 0.028 
-0.710 -0.592 0.027 
-0.706 -0.592 0.024 
-0.702 -0.592 0.017 
-0.698 -0.592 0.008 
-0.694 -0.592 -0.002 
-0.690 -0.592 -0.013 
-0.686 -0.592 -0.024 
-0.682 -0.592 -0.034 
-0.677 -0.593 -0.048 
-0.673 -0.593 -0.067 
-0.668 -0.593 -0.086 
-0.664 -0.594 -0.103 
-0.660 -0.594 -0.119 
-0.655 -0.595 -0.139 
-0.651 -0.595 -0.160 
-0.646 -0.596 -0.180 
-0.642 -0.597 -0.195 
-0.637 -0.598 -0.205 
-0.632 -0.599 -0.217 
-0.627 -0.600 -0.230 
-0.621 -0.602 -0.246 
-0.615 -0.603 -0.268 
-0.609 -0.605 -0.292 
-0.604 -0.607 -0.314 
-0.598 -0.608 -0.337 
-0.593 -0.611 -0.362 
-0.587 -0.613 -0.389 
-0.582 -0.615 -0.416 
-0.576 -0.618 -0.441 
-0.570 -0.620 -0.466 
-0.565 -0.623 -0.495 
-0.559 -0.626 -0.523 
-0.554 -0.630 -0.554 
-0.548 -0.633 -0.589 
-0.543 -0.637 -0.621 
-0.538 -0.640 -0.651 
-0.533 -0.644 -0.684 
-0.529 -0.648 -0.714 
-0.524 -0.652 -0.738 
-0.519 -0.657 -0.762 
-0.515 -0.661 -0.785 
-0.510 -0.666 -0.808 
-0.506 -0.670 -0.836 
-0.502 -0.675 -0.862 
-0.498 -0.680 -0.887 
-0.494 -0.685 -0.915 
-0.490 -0.689 -0.943 
-0.487 -0.694 -0.972 
-0.483 -0.700 -1.005 
-0.480 -0.706 -1.035 
-0.477 -0.711 -1.061 
-0.473 -0.717 -1.084 
-0.470 -0.723 -1.106 
-0.467 -0.729 -1.125 
-0.464 -0.736 -1.147 
-0.461 -0.742 -1.169 
-0.459 -0.749 -1.190 
-0.456 -0.756 -1.211 
-0.454 -0.762 -1.231 
-0.451 -0.769 -1.249 
-0.449 -0.775 -1.267 
-0.447 -0.782 -1.285 
-0.445 -0.789 -1.301 
-0.444 -0.795 -1.316 
-0.442 -0.802 -1.330 
-0.440 -0.809 -1.343 
-0.439 -0.815 -1.359 
-0.437 -0.822 -1.377 
-0.436 -0.829 -1.392 
-0.435 -0.836 -1.407 
-0.434 -0.843 -1.417 
-0.433 -0.850 -1.425 
-0.432 -0.858 -1.431 
-0.431 -0.865 -1.439 
-0.430 -0.871 -1.447 
-0.429 -0.878 -1.454 
-0.428 -0.885 -1.461 
-0.428 -0.891 -1.467 
-0.427 -0.898 -1.475 
-0.426 -0.905 -1.484 
-0.426 -0.912 -1.493 
-0.425 -0.919 -1.501 
-0.425 -0.927 -1.509 
-0.424 -0.934 -1.517 
-0.424 -0.941 -1.524 
-0.424 -0.948 -1.531 
-0.423 -0.955 -1.538 
-0.423 -0.960 -1.548 
-0.423 -0.965 -1.559 
-0.423 -0.969 -1.567 
-0.423 -0.974 -1.572 
-0.423 -0.977 -1.581 
-0.423 -0.981 -1.595 
-0.423 -0.983 -1.615 
-0.423 -0.985 -1.641 
-0.423 -0.986 -1.670 
-0.424 -0.986 -1.704 
-0.423 -0.986 -1.745 
-0.423 -0.986 -1.790 
-0.423 -0.984 -1.841 
-0.423 -0.983 -1.896 
-0.422 -0.981 -1.950 
-0.421 -0.978 -2.001 
-0.420 -0.976 -2.046 
-0.418 -0.973 -2.086 
-0.416 -0.970 -2.121 
-0.414 -0.967 -2.154 
-0.411 -0.963 -2.184 
-0.408 -0.958 -2.214 
-0.404 -0.953 -2.244 
-0.400 -0.947 -2.266 
-0.395 -0.942 -2.285 
-0.391 -0.937 -2.303 
-0.386 -0.932 -2.320 
-0.382 -0.928 -2.338 
-0.377 -0.923 -2.352 
-0.373 -0.918 -2.362 
-0.368 -0.914 -2.372 
-0.363 -0.909 -2.385 
-0.358 -0.904 -2.398 
-0.352 -0.899 -2.410 
-0.347 -0.894 -2.420 
-0.342 -0.890 -2.429 
-0.336 -0.885 -2.438 
-0.330 -0.880 -2.450 
-0.325 -0.876 -2.461 
-0.319 -0.871 -2.472 
-0.314 -0.867 -2.484 
-0.308 -0.862 -2.495 
-0.302 -0.858 -2.507 
-0.296 -0.854 -2.513 
-0.291 -0.850 -2.516 
-0.285 -0.846 -2.520 
-0.279 -0.841 -2.525 
-0.273 -0.837 -2.531 
-0.267 -0.833 -2.538 
-0.261 -0.829 -2.538 
-0.255 -0.825 -2.534 
-0.249 -0.821 -2.532 
-0.243 -0.817 -2.530 
-0.238 -0.813 -2.529 
-0.232 -0.809 -2.529 
-0.227 -0.805 -2.527 
-0.221 -0.801 -2.526 
-0.215 -0.797 -2.527 
-0.209 -0.792 -2.531 
-0.203 -0.788 -2.534 
-0.197 -0.784 -2.538 
-0.191 -0.780 -2.543 
-0.185 -0.776 -2.550 
-0.179 -0.772 -2.556 
-0.173 -0.768 -2.564 
-0.167 -0.764 -2.572 
-0.161 -0.760 -2.580 
-0.154 -0.756 -2.584 
-0.148 -0.752 -2.585 
-0.142 -0.749 -2.586 
-0.136 -0.745 -2.586 
-0.130 -0.741 -2.588 
-0.125 -0.738 -2.593 
-0.118 -0.734 -2.602 
-0.112 -0.730 -2.611 
-0.106 -0.727 -2.620 
-0.100 -0.723 -2.628 
-0.093 -0.720 -2.635 
-0.087 -0.716 -2.642 
-0.081 -0.713 -2.645 
-0.075 -0.709 -2.643 
-0.068 -0.706 -2.641 
-0.062 -0.702 -2.640 
-0.056 -0.699 -2.639 
-0.050 -0.696 -2.640 
-0.043 -0.692 -2.640 
-0.037 -0.689 -2.641 
-0.030 -0.685 -2.642 
-0.024 -0.681 -2.639 
-0.018 -0.678 -2.637 
-0.011 -0.674 -2.635 
-0.005 -0.671 -2.635 
0.001 -0.668 -2.635 
0.008 -0.664 -2.633 
0.014 -0.661 -2.632 
0.020 -0.657 -2.632 
0.026 -0.654 -2.631 
0.032 -0.650 -2.628 
0.038 -0.647 -2.624 
0.044 -0.643 -2.622 
0.051 -0.640 -2.622 
0.057 -0.636 -2.622 
0.064 -0.632 -2.622 
0.070 -0.629 -2.619 
0.076 -0.625 -2.616 
0.082 -0.621 -2.613 
0.089 -0.618 -2.613 
0.095 -0.614 -2.611 
0.101 -0.611 -2.609 
0.108 -0.607 -2.607 
0.114 -0.603 -2.605 
0.120 -0.599 -2.602 
0.126 -0.595 -2.600 
0.133 -0.592 -2.597 
0.139 -0.588 -2.595 
0.145 -0.584 -2.587 
0.151 -0.580 -2.578 
0.157 -0.577 -2.571 
0.163 -0.572 -2.566 
0.169 -0.569 -2.563 
0.175 -0.565 -2.560 
0.182 -0.561 -2.559 
0.188 -0.557 -2.557 
0.194 -0.553 -2.556 
0.200 -0.548 -2.548 
0.206 -0.544 -2.538 
0.212 -0.540 -2.529 
0.218 -0.536 -2.521 
0.223 -0.532 -2.515 
0.229 -0.528 -2.510 
0.235 -0.523 -2.501 
0.241 -0.519 -2.490 
0.246 -0.515 -2.481 
0.252 -0.510 -2.473 
0.258 -0.506 -2.464 
0.263 -0.501 -2.455 
0.269 -0.497 -2.448 
0.274 -0.492 -2.444 
0.280 -0.487 -2.441 
0.286 -0.482 -2.439 
0.291 -0.478 -2.437 
0.297 -0.473 -2.435 
0.303 -0.468 -2.430 
0.308 -0.463 -2.422 
0.313 -0.459 -2.414 
0.319 -0.454 -2.409 
0.324 -0.449 -2.407 
0.330 -0.444 -2.404 
0.335 -0.439 -2.396 
0.340 -0.434 -2.384 
0.345 -0.429 -2.372 
0.351 -0.424 -2.359 
0.356 -0.419 -2.346 
0.361 -0.414 -2.333 
0.366 -0.408 -2.318 
0.371 -0.403 -2.302 
0.375 -0.398 -2.285 
0.380 -0.392 -2.268 
0.384 -0.387 -2.251 
0.389 -0.382 -2.230 
0.393 -0.376 -2.211 
0.397 -0.371 -2.198 
0.401 -0.365 -2.188 
0.405 -0.359 -2.173 
0.409 -0.353 -2.158 
0.413 -0.347 -2.143 
0.417 -0.341 -2.131 
0.421 -0.335 -2.123 
0.425 -0.328 -2.116 
0.429 -0.322 -2.110 
0.432 -0.316 -2.105 
0.436 -0.310 -2.100 
0.440 -0.303 -2.096 
0.443 -0.297 -2.092 
0.447 -0.291 -2.084 
0.450 -0.284 -2.074 
0.454 -0.278 -2.067 
0.457 -0.272 -2.059 
0.461 -0.265 -2.043 
0.464 -0.259 -2.025 
0.467 -0.252 -2.007 
0.470 -0.246 -1.993 
0.473 -0.239 -1.984 
0.476 -0.232 -1.975 
0.479 -0.226 -1.971 
0.481 -0.219 -1.971 
0.484 -0.213 -1.972 
0.487 -0.206 -1.971 
0.490 -0.200 -1.971 
0.493 -0.193 -1.971 
0.495 -0.186 -1.969 
0.498 -0.179 -1.967 
0.501 -0.173 -1.965 
0.504 -0.166 -1.964 
0.506 -0.160 -1.962 
0.509 -0.154 -1.961 
0.512 -0.147 -1.960 
0.514 -0.141 -1.960 
0.517 -0.134 -1.959 
0.520 -0.127 -1.955 
0.522 -0.121 -1.950 
0.525 -0.114 -1.945 
0.528 -0.107 -1.945 
0.530 -0.101 -1.949 
0.533 -0.094 -1.950 
0.535 -0.088 -1.953 
0.538 -0.081 -1.956 
0.541 -0.075 -1.959 
0.543 -0.069 -1.961 
0.545 -0.063 -1.963 
0.548 -0.057 -1.965 
0.550 -0.052 -1.965 
0.553 -0.046 -1.965 
0.555 -0.041 -1.966 
0.557 -0.035 -1.971 
0.560 -0.029 -1.974 
0.562 -0.023 -1.973 
0.565 -0.016 -1.969 
0.568 -0.010 -1.964 
0.571 -0.003 -1.958 
0.573 0.004 -1.955 
0.576 0.010 -1.954 
0.578 0.016 -1.952 
0.581 0.023 -1.954 
0.583 0.029 -1.957 
0.586 0.035 -1.960 
0.589 0.042 -1.967 
0.591 0.048 -1.976 
0.594 0.054 -1.984 
0.597 0.061 -1.994 
0.600 0.067 -2.004 
0.603 0.073 -2.014 
0.606 0.079 -2.022 
0.609 0.085 -2.029 
0.611 0.091 -2.035 
0.614 0.097 -2.044 
0.617 0.102 -2.051 
0.620 0.108 -2.058 
0.623 0.114 -2.061 
0.626 0.120 -2.062 
0.630 0.126 -2.064 
0.633 0.131 -2.064 
0.636 0.137 -2.065 
0.639 0.142 -2.066 
0.642 0.148 -2.071 
0.645 0.154 -2.081 
0.648 0.160 -2.092 
0.652 0.166 -2.101 
0.655 0.171 -2.109 
0.658 0.177 -2.112 
0.662 0.182 -2.111 
0.665 0.188 -2.112 
0.669 0.194 -2.116 
0.672 0.200 -2.121 
0.676 0.205 -2.125 
0.679 0.211 -2.124 
0.683 0.217 -2.120 
0.686 0.223 -2.115 
0.690 0.229 -2.110 
0.693 0.234 -2.103 
0.696 0.240 -2.098 
0.699 0.245 -2.094 
0.703 0.250 -2.093 
0.706 0.256 -2.095 
0.709 0.261 -2.096 
0.712 0.266 -2.095 
0.715 0.271 -2.091 
0.718 0.277 -2.084 
0.721 0.282 -2.077 
0.724 0.288 -2.069 
0.728 0.295 -2.057 
0.731 0.301 -2.045 
0.734 0.308 -2.033 
0.737 0.314 -2.021 
0.740 0.320 -2.010 
0.743 0.327 -2.002 
0.746 0.333 -1.996 
0.749 0.339 -1.991 
0.752 0.346 -1.990 
0.755 0.352 -1.989 
0.758 0.359 -1.991 
0.760 0.365 -1.994 
0.763 0.371 -1.997 
0.766 0.377 -1.997 
0.768 0.382 -1.998 
0.771 0.387 -2.005 
0.773 0.393 -2.012 
0.776 0.399 -2.015 
0.779 0.405 -2.015 
0.782 0.411 -2.012 
0.785 0.417 -2.007 
0.787 0.423 -2.004 
0.790 0.429 -2.003 
0.793 0.435 -2.003 
0.796 0.440 -2.003 
0.798 0.446 -2.001 
0.801 0.452 -2.000 
0.803 0.457 -1.999 
0.806 0.462 -2.003 
0.808 0.467 -2.009 
0.810 0.472 -2.015 
0.813 0.477 -2.020 
0.815 0.483 -2.023 
0.818 0.489 -2.032 
0.822 0.496 -2.042 
0.825 0.502 -2.049 
0.828 0.509 -2.057 
0.832 0.515 -2.068 
0.835 0.522 -2.079 
0.839 0.528 -2.090 
0.843 0.534 -2.100 
0.846 0.540 -2.106 
0.849 0.545 -2.108 
0.853 0.551 -2.111 
0.856 0.556 -2.113 
0.859 0.561 -2.113 
0.862 0.567 -2.112 
0.866 0.573 -2.116 
0.869 0.579 -2.121 
0.873 0.585 -2.129 
0.877 0.590 -2.137 
0.880 0.596 -2.141 
0.884 0.601 -2.146 
0.887 0.607 -2.153 
0.891 0.612 -2.160 
0.895 0.618 -2.167 
0.898 0.623 -2.175 
0.902 0.628 -2.183 
0.906 0.634 -2.189 
0.909 0.639 -2.193 
0.913 0.645 -2.196 
0.917 0.650 -2.203 
0.921 0.655 -2.207 
0.925 0.660 -2.210 
0.929 0.665 -2.214 
0.932 0.670 -2.219 
0.936 0.675 -2.223 
0.940 0.680 -2.227 
0.943 0.684 -2.226 
0.947 0.689 -2.222 
0.950 0.693 -2.218 
0.953 0.697 -2.214 
0.956 0.701 -2.209 
0.958 0.705 -2.201 
0.961 0.708 -2.192 
0.964 0.712 -2.180 
0.967 0.716 -2.170 
0.969 0.720 -2.158 
0.971 0.723 -2.144 
0.973 0.726 -2.127 
0.975 0.730 -2.109 
0.978 0.733 -2.091 
0.979 0.737 -2.068 
0.981 0.740 -2.044 
0.983 0.743 -2.021 
0.984 0.746 -2.000 
0.985 0.749 -1.984 
0.986 0.750 -1.969 
0.986 0.751 -1.954 
0.986 0.751 -1.939 
0.986 0.751 -1.925 
0.986 0.750 -1.910 
0.985 0.748 -1.895 
0.984 0.746 -1.882 
0.984 0.743 -1.871 
0.983 0.740 -1.860 
0.982 0.737 -1.849 
0.981 0.735 -1.835 
0.981 0.733 -1.816 
0.980 0.731 -1.792 
0.980 0.730 -1.763 
0.980 0.730 -1.731 
0.980 0.731 -1.696 
0.980 0.731 -1.656 
0.980 0.732 -1.616 
0.980 0.734 -1.575 
0.980 0.735 -1.536 
0.980 0.736 -1.501 
0.980 0.737 -1.468 
0.981 0.738 -1.434 
0.980 0.739 -1.399 
0.980 0.740 -1.362 
0.980 0.741 -1.323 
0.980 0.742 -1.287 
0.979 0.744 -1.249 
0.978 0.747 -1.211 
0.978 0.749 -1.179 
0.977 0.750 -1.150 
0.977 0.751 -1.126 
0.976 0.751 -1.109 
0.976 0.751 -1.094 
0.976 0.751 -1.070 
0.976 0.751 -1.039 
0.976 0.752 -1.007 
0.975 0.754 -0.975 
0.973 0.756 -0.945 
0.971 0.758 -0.918 
0.969 0.761 -0.892 
0.968 0.763 -0.866 
0.967 0.764 -0.839 
0.966 0.765 -0.810 
0.965 0.765 -0.781 
0.965 0.765 -0.749 
0.966 0.765 -0.715 
0.967 0.764 -0.679 
0.968 0.763 -0.642 
0.970 0.762 -0.603 
0.972 0.760 -0.566 
0.975 0.759 -0.531 
0.978 0.757 -0.500 
0.981 0.756 -0.474 
0.984 0.754 -0.450 
0.988 0.752 -0.428 
0.992 0.750 -0.407 
0.997 0.748 -0.385 
1.003 0.746 -0.356 
1.007 0.744 -0.326 
1.011 0.743 -0.295 
1.016 0.742 -0.267 
1.020 0.741 -0.245 
1.025 0.740 -0.227 
1.030 0.739 -0.209 
1.035 0.738 -0.191 
1.040 0.737 -0.172 
1.044 0.736 -0.145 
1.049 0.735 -0.119 
1.054 0.735 -0.095 
1.058 0.734 -0.070 
1.064 0.734 -0.045 
1.070 0.734 -0.017 
1.076 0.734 0.015 
1.083 0.734 0.048 
1.089 0.735 0.081 
1.095 0.735 0.112 
1.102 0.736 0.142 
1.108 0.737 0.171 
1.114 0.738 0.201 
1.121 0.740 0.233 
1.128 0.741 0.264 
1.135 0.743 0.295 
1.142 0.746 0.325 
1.149 0.748 0.354 
1.156 0.751 0.384 
1.162 0.753 0.413 
1.168 0.756 0.443 
1.174 0.759 0.471 
1.181 0.763 0.498 
1.187 0.766 0.525 
1.193 0.770 0.551 
1.199 0.773 0.576 
1.204 0.777 0.601 
1.210 0.781 0.625 
1.215 0.785 0.649 
1.220 0.789 0.673 
1.225 0.793 0.698 
1.230 0.797 0.721 
1.235 0.802 0.748 
1.240 0.807 0.777 
1.245 0.811 0.804 
1.250 0.816 0.830 
1.255 0.822 0.855 
1.259 0.827 0.879 
1.264 0.833 0.904 
1.268 0.838 0.927 
1.272 0.844 0.950 
1.276 0.850 0.973 
1.280 0.856 0.996 
1.284 0.862 1.018 
1.287 0.867 1.040 
1.291 0.873 1.060 
1.294 0.880 1.080 
1.297 0.886 1.100 
1.301 0.892 1.118 
1.303 0.898 1.134 
1.306 0.905 1.151 
1.309 0.911 1.171 
1.312 0.917 1.192 
1.314 0.924 1.212 
1.316 0.930 1.230 
1.319 0.936 1.245 
1.321 0.943 1.262 
1.323 0.950 1.284 
1.325 0.957 1.302 
1.327 0.963 1.318 
1.328 0.970 1.334 
1.330 0.977 1.350 
1.331 0.984 1.365 
1.333 0.992 1.381 
1.334 0.999 1.397 
1.335 1.006 1.412 
1.336 1.013 1.428 
1.337 1.020 1.442 
1.338 1.026 1.456 
1.339 1.033 1.470 
1.340 1.040 1.482 
1.340 1.047 1.493 
1.341 1.054 1.505 
1.341 1.061 1.515 
1.341 1.067 1.523 
1.342 1.074 1.528 
1.342 1.081 1.533 
1.342 1.088 1.538 
1.343 1.095 1.544 
1.343 1.102 1.550 
1.343 1.109 1.555 
1.343 1.116 1.560 
1.343 1.123 1.569 
1.343 1.130 1.579 
1.343 1.138 1.590 
1.343 1.145 1.601 
1.342 1.152 1.612 
1.342 1.159 1.620 
1.342 1.166 1.628 
1.341 1.173 1.640 
1.341 1.180 1.647 
1.340 1.187 1.651 
1.340 1.194 1.655 
1.339 1.202 1.663 
1.338 1.208 1.672 
1.338 1.215 1.681 
1.337 1.222 1.689 
1.336 1.228 1.698 
1.335 1.234 1.707 
1.334 1.241 1.715 
1.333 1.247 1.724 
1.332 1.254 1.734 
1.331 1.261 1.742 
1.330 1.268 1.751 
1.329 1.274 1.761 
1.327 1.281 1.771 
1.326 1.287 1.781 
1.325 1.293 1.789 
1.323 1.299 1.795 
1.322 1.305 1.801 
1.321 1.311 1.807 
1.319 1.316 1.813 
1.318 1.321 1.820 
1.317 1.326 1.827 
1.315 1.331 1.833 
1.314 1.336 1.838 
1.313 1.341 1.844 
1.311 1.345 1.849 
1.310 1.350 1.855 
1.309 1.354 1.860 
1.308 1.358 1.866 
1.306 1.363 1.871 
1.305 1.367 1.876 
1.304 1.371 1.883 
1.302 1.375 1.892 
1.301 1.379 1.902 
1.300 1.383 1.917 
1.299 1.386 1.932 
1.297 1.390 1.947 
1.296 1.393 1.964 
1.294 1.397 1.983 
1.292 1.402 2.005 
1.290 1.406 2.026 
1.288 1.410 2.047 
1.286 1.414 2.072 
1.284 1.417 2.102 
1.282 1.421 2.132 
1.280 1.424 2.162 
1.277 1.427 2.193 
1.275 1.431 2.224 
1.273 1.434 2.255 
1.270 1.437 2.287 
1.268 1.439 2.320 
1.265 1.442 2.355 
1.262 1.445 2.394 
1.259 1.448 2.431 
1.256 1.450 2.469 
1.253 1.452 2.508 
1.250 1.455 2.546 
1.247 1.457 2.584 
1.243 1.459 2.620 
1.240 1.461 2.655 
1.236 1.462 2.690 
1.233 1.464 2.723 
1.229 1.466 2.753 
1.226 1.467 2.783 
1.222 1.468 2.811 
1.218 1.469 2.839 
1.215 1.471 2.868 
1.211 1.472 2.901 
1.206 1.473 2.936 
1.202 1.473 2.972 
1.197 1.474 3.007 
1.193 1.475 3.038 
1.189 1.475 3.068 
1.185 1.475 3.092 
1.181 1.475 3.116 
1.177 1.475 -3.139 
1.173 1.475 -3.110 
1.169 1.475 -3.084 
1.166 1.475 -3.059 
1.162 1.475 -3.035 
1.159 1.474 -3.013 
1.156 1.474 -2.989 
1.152 1.473 -2.963 
1.148 1.472 -2.937 
1.143 1.471 -2.907 
1.139 1.470 -2.880 
1.135 1.469 -2.862 
1.133 1.468 -2.852 
1.130 1.468 -2.846 
1.128 1.467 -2.846 
1.127 1.467 -2.851 
1.127 1.467 -2.851 
1.125 1.466 -2.841 
1.124 1.466 -2.823 
1.123 1.465 -2.797 
1.122 1.465 -2.769 
1.121 1.465 -2.737 
1.121 1.464 -2.701 
1.121 1.464 -2.661 
1.121 1.464 -2.620 
1.121 1.464 -2.577 
1.121 1.465 -2.535 
1.121 1.465 -2.495 
1.122 1.465 -2.453 
1.122 1.465 -2.413 
1.122 1.466 -2.373 
1.123 1.466 -2.330 
1.123 1.466 -2.287 
1.123 1.466 -2.242 
1.123 1.466 -2.194 
1.123 1.466 -2.147 
1.123 1.466 -2.100 
1.123 1.466 -2.056 
1.123 1.466 -2.014 
1.122 1.465 -1.970 
1.122 1.464 -1.927 
1.122 1.464 -1.889 
1.122 1.463 -1.853 
1.121 1.462 -1.816 
1.121 1.461 -1.779 
1.121 1.461 -1.740 
1.121 1.460 -1.705 
1.121 1.460 -1.682 
1.121 1.459 -1.670 
1.121 1.459 -1.668 
1.121 1.459 -1.668 
1.121 1.459 -1.668 
1.121 1.459 -1.668 
1.121 1.459 -1.668 
1.121 1.459 -1.668 
1.121 1.459 -1.668 
1.121 1.459 -1.668 
1.121 1.459 -1.668 
1.121 1.459 -1.668 
1.121 1.459 -1.668 
1.121 1.459 -1.668 
1.121 1.459 -1.668 
1.121 1.459 -1.668 
1.121 1.459 -1.668 
1.121 1.459 -1.668 
1.121 1.459 -1.668 
1.121 1.459 -1.668 
1.121 1.459 -1.668 
1.121 1.459 -1.668 
1.121 1.459 -1.668 
1.121 1.459 -1.668 
1.121 1.459 -1.668 
1.121 1.459 -1.668 
1.121 1.459 -1.668 
1.121 1.459 -1.668 
1.121 1.459 -1.668 
1.121 1.459 -1.668 
1.121 1.459 -1.668 
1.121 1.459 -1.668 
1.121 1.459 -1.668 
1.121 1.459 -1.668 
1.121 1.459 -1.668 
1.121 1.459 -1.668 
1.121 1.459 -1.668 
1.121 1.459 -1.668 
1.121 1.459 -1.668 
1.121 1.459 -1.668 
1.121 1.459 -1.668 
1.121 1.459 -1.668 
1.121 1.459 -1.668 
1.121 1.459 -1.668 
1.121 1.459 -1.668 
1.121 1.459 -1.668 
1.121 1.459 -1.668 
1.121 1.459 -1.668 
1.121 1.459 -1.668 
1.121 1.459 -1.668 
1.121 1.459 -1.668 
1.121 1.459 -1.668 
1.121 1.459 -1.668 
1.121 1.459 -1.668 
1.121 1.459 -1.668 
1.121 1.459 -1.668 
1.121 1.459 -1.668 
1.121 1.459 -1.668 
1.121 1.459 -1.668 
1.121 1.459 -1.668 
1.121 1.459 -1.668 
1.121 1.459 -1.668 
1.121 1.459 -1.668 
1.121 1.459 -1.668 
1.121 1.459 -1.668 
1.121 1.459 -1.668 
1.121 1.459 -1.668 
1.121 1.459 -1.668 
1.121 1.459 -1.668 
1.121 1.459 -1.668 
1.121 1.459 -1.668 
1.121 1.459 -1.668 
1.121 1.459 -1.668 
1.121 1.459 -1.668 
1.121 1.459 -1.668 
1.121 1.459 -1.668 
1.121 1.459 -1.668 
1.121 1.459 -1.668 
1.121 1.459 -1.668 
1.121 1.459 -1.668 
1.121 1.459 -1.668 
1.121 1.459 -1.668 
1.121 1.459 -1.668 
1.121 1.459 -1.668 
1.121 1.459 -1.668 
1.121 1.459 -1.668 
1.121 1.459 -1.668 
1.121 1.459 -1.668 
1.121 1.459 -1.668 
1.121 1.459 -1.668 
1.121 1.459 -1.668 
1.121 1.459 -1.668 
1.121 1.459 -1.668 
1.121 1.459 -1.668 
1.121 1.459 -1.668 
1.121 1.459 -1.668 
1.121 1.459 -1.668 
1.121 1.459 -1.668 
1.121 1.459 -1.668 
1.121 1.459 -1.668 
1.121 1.459 -1.668 
1.121 1.459 -1.668 
1.121 1.459 -1.668 
1.121 1.459 -1.668 
1.121 1.459 -1.668 
1.121 1.459 -1.668 
1.121 1.459 -1.668 
1.121 1.459 -1.668 
1.121 1.459 -1.668 
1.121 1.459 -1.668 
1.121 1.459 -1.668 
1.121 1.459 -1.668 
1.121 1.459 -1.668 
1.121 1.459 -1.668 
1.121 1.459 -1.668 
1.121 1.459 -1.668 
1.121 1.459 -1.668 
1.121 1.459 -1.668 
1.121 1.459 -1.668 
1.121 1.459 -1.668 
1.121 1.459 -1.668 
1.121 1.459 -1.668 
1.121 1.459 -1.668 
1.121 1.459 -1.668 
1.121 1.459 -1.668 
1.121 1.459 -1.668 
1.121 1.459 -1.668 
1.121 1.459 -1.668 
1.121 1.459 -1.668 
1.121 1.459 -1.668 
1.121 1.459 -1.668 
1.121 1.459 -1.668 
1.121 1.459 -1.668 
1.121 1.459 -1.668 
1.121 1.459 -1.668 
1.121 1.459 -1.668 
1.121 1.459 -1.668 
1.121 1.459 -1.668 
1.121 1.459 -1.668 
1.121 1.459 -1.668 
1.121 1.459 -1.668 
1.121 1.459 -1.668 
1.121 1.459 -1.668 
1.121 1.459 -1.668 
1.121 1.459 -1.668 
1.121 1.459 -1.668 
1.121 1.459 -1.668 
1.121 1.459 -1.668 
1.121 1.459 -1.668 
1.121 1.459 -1.668 
1.121 1.459 -1.668 
1.121 1.459 -1.668 
1.121 1.459 -1.668 
1.121 1.459 -1.668 
1.121 1.459 -1.668 
1.121 1.459 -1.668 
1.121 1.459 -1.668 
1.121 1.459 -1.668 
1.121 1.459 -1.668 
1.121 1.459 -1.668 
1.121 1.459 -1.668 
1.121 1.459 -1.668 
1.121 1.459 -1.668 
1.121 1.459 -1.668 
1.121 1.459 -1.668 
1.121 1.459 -1.668 
1.121 1.459 -1.668 
1.121 1.459 -1.668 
1.121 1.459 -1.668 
1.121 1.459 -1.668 
1.121 1.459 -1.668 
1.121 1.459 -1.668 
1.121 1.459 -1.668 
1.121 1.459 -1.668 
1.121 1.459 -1.668 
1.121 1.459 -1.668 
1.121 1.459 -1.668 
1.121 1.459 -1.668 
1.121 1.459 -1.668 
1.121 1.459 -1.668 
1.121 1.459 -1.668 
1.121 1.459 -1.668 
1.121 1.459 -1.668 
1.121 1.459 -1.668 
1.121 1.459 -1.668 
1.121 1.459 -1.668 
1.121 1.459 -1.668 
1.121 1.459 -1.668 
1.121 1.459 -1.668 
1.121 1.459 -1.668 
1.121 1.459 -1.668 
1.121 1.459 -1.668 
1.121 1.459 -1.668 
1.121 1.459 -1.668 
1.121 1.459 -1.668 
1.121 1.459 -1.668 
1.121 1.459 -1.668 
1.121 1.459 -1.668 
1.121 1.459 -1.668 
1.121 1.459 -1.668 
1.121 1.459 -1.668 
1.121 1.459 -1.668 
1.121 1.459 -1.668 
1.121 1.459 -1.668 
1.121 1.459 -1.668 
1.121 1.459 -1.668 
1.121 1.459 -1.668 
1.121 1.459 -1.668 
1.121 1.459 -1.668 
1.121 1.459 -1.668 
1.121 1.459 -1.668 
1.121 1.459 -1.668 
1.121 1.459 -1.668 
1.121 1.459 -1.668 
1.121 1.459 -1.668 
1.121 1.459 -1.668 
1.121 1.459 -1.668 
1.121 1.459 -1.668 
1.121 1.459 -1.668 
1.121 1.459 -1.668 
1.121 1.459 -1.668 
1.121 1.459 -1.668 
1.121 1.459 -1.668 
1.121 1.459 -1.668 
1.121 1.459 -1.668 
1.121 1.459 -1.668 
1.121 1.459 -1.668 
1.121 1.459 -1.668 
1.121 1.459 -1.668 
1.121 1.459 -1.668 
1.121 1.459 -1.668 
1.121 1.459 -1.668 
1.121 1.459 -1.668 
1.121 1.459 -1.668 
1.121 1.459 -1.668 
1.121 1.459 -1.668 
1.121 1.459 -1.668 
1.121 1.459 -1.668 
1.121 1.459 -1.668 
1.121 1.459 -1.668 
1.121 1.459 -1.668 
1.121 1.459 -1.668 
1.121 1.459 -1.668 
1.121 1.459 -1.668 
1.121 1.459 -1.668 
1.121 1.459 -1.668 
1.121 1.459 -1.668 
1.121 1.459 -1.668 
1.121 1.459 -1.668 
1.121 1.459 -1.668 
1.121 1.459 -1.668 
1.121 1.459 -1.668 
1.121 1.459 -1.668 
1.121 1.459 -1.668 
1.121 1.459 -1.668 
1.121 1.459 -1.668 
1.121 1.459 -1.668 
1.121 1.459 -1.668 
1.121 1.459 -1.668 
1.121 1.459 -1.668 
1.121 1.459 -1.668 
1.121 1.459 -1.668 
1.121 1.459 -1.668 
1.121 1.459 -1.668 
1.121 1.459 -1.668 
1.121 1.459 -1.668 
1.121 1.459 -1.668 
1.121 1.459 -1.668 
1.121 1.459 -1.668 
1.121 1.459 -1.668 
1.121 1.459 -1.668 
1.121 1.459 -1.668 
1.121 1.459 -1.668 
1.121 1.459 -1.668 
1.121 1.459 -1.668 
1.121 1.459 -1.668 
1.121 1.459 -1.668 
1.121 1.459 -1.668 
1.121 1.459 -1.668 
1.121 1.459 -1.668 
1.121 1.459 -1.668 
1.121 1.459 -1.668 
1.121 1.459 -1.668 
1.121 1.459 -1.668 
1.121 1.459 -1.668 
1.121 1.459 -1.668 
1.121 1.459 -1.668 
1.121 1.459 -1.668 
1.121 1.459 -1.668 
1.121 1.459 -1.668 
1.121 1.459 -1.668 
1.121 1.459 -1.668 
1.121 1.459 -1.668 
1.121 1.459 -1.668 
1.121 1.459 -1.668 
1.121 1.459 -1.668 
1.121 1.459 -1.668 
1.121 1.459 -1.668 
1.121 1.459 -1.668 
1.121 1.459 -1.668 
1.121 1.459 -1.668 
1.121 1.459 -1.668 
1.121 1.459 -1.668 
1.121 1.459 -1.668 
1.121 1.459 -1.668 
1.121 1.459 -1.668 
1.121 1.459 -1.668 
1.121 1.459 -1.668 
1.121 1.459 -1.668 
1.121 1.459 -1.668 
1.121 1.459 -1.668 
1.121 1.459 -1.668 
1.121 1.459 -1.668 
1.121 1.459 -1.668 
1.121 1.459 -1.668 
1.121 1.459 -1.668 
1.121 1.459 -1.668 
1.121 1.459 -1.668 
1.121 1.459 -1.668 
1.121 1.459 -1.668 
1.121 1.459 -1.668 
1.121 1.459 -1.668 
1.121 1.459 -1.668 
1.121 1.459 -1.668 
1.121 1.459 -1.668 
1.121 1.459 -1.668 
1.121 1.459 -1.668 
1.121 1.459 -1.668 
1.121 1.459 -1.668 
1.121 1.459 -1.668 
1.121 1.459 -1.668 
1.121 1.459 -1.668 
1.121 1.459 -1.668 
1.121 1.459 -1.668 
1.121 1.459 -1.668 
1.121 1.459 -1.668 
1.121 1.459 -1.668 
1.121 1.459 -1.668 
1.121 1.459 -1.668 
1.121 1.459 -1.668 
1.121 1.459 -1.668 
1.121 1.459 -1.668 
1.121 1.459 -1.668 
1.121 1.459 -1.668 
1.121 1.459 -1.668 
1.121 1.459 -1.668 
1.121 1.459 -1.668 
1.121 1.459 -1.668 
1.121 1.459 -1.668 
1.121 1.459 -1.668 
1.121 1.459 -1.668 
1.121 1.459 -1.668 
1.121 1.459 -1.668 
1.121 1.459 -1.668 
1.121 1.459 -1.668 
1.121 1.459 -1.668 
1.121 1.459 -1.668 
1.121 1.459 -1.668 
1.121 1.459 -1.668 
1.121 1.459 -1.668 
1.121 1.459 -1.668 
1.121 1.459 -1.668 
1.121 1.459 -1.668 
1.121 1.459 -1.668 
1.121 1.459 -1.668 
1.121 1.459 -1.668 
1.121 1.459 -1.668 
1.121 1.459 -1.668 
1.121 1.459 -1.668 
1.121 1.459 -1.668 
1.121 1.459 -1.668 
1.121 1.459 -1.668 
1.121 1.459 -1.668 
1.121 1.459 -1.668 
1.121 1.459 -1.668 
1.121 1.459 -1.668 
1.121 1.459 -1.668 
1.121 1.459 -1.668 
1.121 1.459 -1.668 
1.121 1.459 -1.668 
1.121 1.459 -1.668 
1.121 1.459 -1.668 
1.121 1.459 -1.668 
1.121 1.459 -1.668 
1.121 1.459 -1.668 
1.121 1.459 -1.668 
1.121 1.459 -1.668 
1.121 1.459 -1.668 
1.121 1.459 -1.668 
1.121 1.459 -1.668 
1.121 1.459 -1.668 
1.121 1.459 -1.668 
1.121 1.459 -1.668 
1.121 1.459 -1.668 
1.121 1.459 -1.668 
1.121 1.459 -1.668 
1.121 1.459 -1.668 
1.121 1.459 -1.668 
1.121 1.459 -1.668 
1.121 1.459 -1.668 
1.121 1.459 -1.668 
1.121 1.459 -1.668 
1.121 1.459 -1.668 
1.121 1.459 -1.668 
1.121 1.459 -1.668 
1.121 1.459 -1.668 
1.121 1.459 -1.668 
1.121 1.459 -1.668 
1.121 1.459 -1.668 
1.121 1.459 -1.668 
1.121 1.459 -1.668 
1.121 1.459 -1.668 
1.121 1.459 -1.668 
1.121 1.459 -1.668 
1.121 1.459 -1.668 
1.121 1.459 -1.668 
1.121 1.459 -1.668 
1.121 1.459 -1.668 
1.121 1.459 -1.668 
1.121 1.459 -1.668 
1.121 1.459 -1.668 
1.121 1.459 -1.668 
1.121 1.459 -1.668 
1.121 1.459 -1.668 
1.121 1.459 -1.668 
1.121 1.459 -1.668 
1.121 1.459 -1.668 
1.121 1.459 -1.668 
1.121 1.459 -1.668 
1.121 1.459 -1.668 
1.121 1.459 -1.668 
1.121 1.459 -1.668 
1.121 1.459 -1.668 
1.121 1.459 -1.668 
1.121 1.459 -1.668 
1.121 1.459 -1.668 
1.121 1.459 -1.668 
1.121 1.459 -1.668 
1.121 1.459 -1.668 
1.121 1.459 -1.668 
1.121 1.459 -1.668 
1.121 1.459 -1.668 
1.121 1.459 -1.668 
1.121 1.459 -1.668 
1.121 1.459 -1.668 
1.121 1.459 -1.668 
1.121 1.459 -1.668 
1.121 1.459 -1.668 
1.121 1.459 -1.668 
1.121 1.459 -1.668 
1.121 1.459 -1.668 
1.121 1.459 -1.668 
1.121 1.459 -1.668 
1.121 1.459 -1.668 
1.121 1.459 -1.668 
1.121 1.459 -1.668 
1.121 1.459 -1.668 
1.121 1.459 -1.668 
1.121 1.459 -1.668 
1.121 1.459 -1.668 
1.121 1.459 -1.668 
1.121 1.459 -1.668 
1.121 1.459 -1.668 
1.121 1.459 -1.668 
1.121 1.459 -1.668 
1.121 1.459 -1.668 
1.121 1.459 -1.668 
1.121 1.459 -1.668 
1.121 1.459 -1.668 
1.121 1.459 -1.668 
1.121 1.459 -1.668 
1.121 1.459 -1.668 
1.121 1.459 -1.668 
1.121 1.459 -1.668 
1.121 1.459 -1.668 
1.121 1.459 -1.668 
1.121 1.459 -1.668 
1.121 1.459 -1.668 
1.121 1.459 -1.668 
1.121 1.459 -1.668 
1.121 1.459 -1.668 
1.121 1.459 -1.668 
1.121 1.459 -1.668 
1.121 1.459 -1.668 
1.121 1.459 -1.668 
1.121 1.459 -1.668 
1.121 1.459 -1.668 
1.121 1.459 -1.668 
1.121 1.459 -1.668 
1.121 1.459 -1.668 
1.121 1.459 -1.668 
1.121 1.459 -1.668 
1.121 1.459 -1.668 
1.121 1.459 -1.668 
1.121 1.459 -1.668 
1.121 1.459 -1.668 
1.121 1.459 -1.668 
1.121 1.459 -1.668 
1.121 1.459 -1.668 
1.121 1.459 -1.668 
1.121 1.459 -1.668 
1.121 1.459 -1.668 
1.121 1.459 -1.668 
1.121 1.459 -1.668 
1.121 1.459 -1.668 
1.121 1.459 -1.668 
1.121 1.459 -1.668 
1.121 1.459 -1.668 
1.121 1.459 -1.668 
1.121 1.459 -1.668 
1.121 1.459 -1.668 
1.121 1.459 -1.668 
1.121 1.459 -1.668 
1.121 1.459 -1.668 
1.121 1.459 -1.668 
1.121 1.459 -1.668 
1.121 1.459 -1.668 
1.121 1.459 -1.668 
1.121 1.459 -1.668 
1.121 1.459 -1.668 
1.121 1.459 -1.668 
1.121 1.459 -1.668 
1.121 1.459 -1.668 
1.121 1.459 -1.668 
1.121 1.459 -1.668 
1.121 1.459 -1.668 
1.121 1.459 -1.668 
1.121 1.459 -1.668 
1.121 1.459 -1.668 
1.121 1.459 -1.668 
1.121 1.459 -1.668 
1.121 1.459 -1.668 
1.121 1.459 -1.668 
1.121 1.459 -1.668 
1.121 1.459 -1.668 
1.121 1.459 -1.668 
1.121 1.459 -1.668 
1.121 1.459 -1.668 
1.121 1.459 -1.668 
1.121 1.459 -1.668 
1.121 1.459 -1.668 
1.121 1.459 -1.668 
1.121 1.459 -1.668 
1.121 1.459 -1.668 
1.121 1.459 -1.668 
1.121 1.459 -1.668 
1.121 1.459 -1.668 
1.121 1.459 -1.668 
1.121 1.459 -1.668 
1.121 1.459 -1.668 
1.121 1.459 -1.668 
1.121 1.459 -1.668 
1.121 1.459 -1.668 
1.121 1.459 -1.668 
1.121 1.459 -1.668 
1.121 1.459 -1.668 
1.121 1.459 -1.668 
1.121 1.459 -1.668 
1.121 1.459 -1.668 
1.121 1.459 -1.668 
1.121 1.459 -1.668 
1.121 1.459 -1.668 
1.121 1.459 -1.668 
1.121 1.459 -1.668 
1.121 1.459 -1.668 
1.121 1.459 -1.668 
1.121 1.459 -1.668 
1.121 1.459 -1.668 
1.121 1.459 -1.668 
1.121 1.459 -1.668 
1.121 1.459 -1.668 
1.121 1.459 -1.668 
1.121 1.459 -1.668 
1.121 1.459 -1.668 
1.121 1.459 -1.668 
1.121 1.459 -1.668 
1.121 1.459 -1.668 
1.121 1.459 -1.668 
1.121 1.459 -1.668 
1.121 1.459 -1.668 
1.121 1.459 -1.668 
1.121 1.459 -1.668 
1.121 1.459 -1.668 
1.121 1.459 -1.668 
1.121 1.459 -1.668 
1.121 1.459 -1.668 
1.121 1.459 -1.668 
1.121 1.459 -1.668 
1.121 1.459 -1.668 
1.121 1.459 -1.668 
1.121 1.459 -1.668 
1.121 1.459 -1.668 
1.121 1.459 -1.668 
1.121 1.459 -1.668 
1.121 1.459 -1.668 
1.121 1.459 -1.668 
1.121 1.459 -1.668 
1.121 1.459 -1.668 
1.121 1.459 -1.668 
1.121 1.459 -1.668 
1.121 1.459 -1.668 
1.121 1.459 -1.668 
1.121 1.459 -1.668 
1.121 1.459 -1.668 
1.121 1.459 -1.668 
1.121 1.459 -1.668 
1.121 1.459 -1.668 
1.121 1.459 -1.668 
1.121 1.459 -1.668 
1.121 1.459 -1.668 
1.121 1.459 -1.668 
1.121 1.459 -1.668 
1.121 1.459 -1.668 
1.121 1.459 -1.668 
1.121 1.459 -1.668 
1.121 1.459 -1.668 
1.121 1.459 -1.668 
1.121 1.459 -1.668 
1.121 1.459 -1.668 
1.121 1.459 -1.668 
1.121 1.459 -1.668 
1.121 1.459 -1.668 
1.121 1.459 -1.668 
1.121 1.459 -1.668 
1.121 1.459 -1.668 
1.121 1.459 -1.668 
1.121 1.459 -1.668 
1.121 1.459 -1.668 
1.121 1.459 -1.668 
1.121 1.459 -1.668 
1.121 1.459 -1.668 
1.121 1.459 -1.668 
1.121 1.459 -1.668 
1.121 1.459 -1.668 
1.121 1.459 -1.668 
1.121 1.459 -1.668 
1.121 1.459 -1.668 
1.121 1.459 -1.668 
1.121 1.459 -1.668 
1.121 1.459 -1.668 
1.121 1.459 -1.668 
1.121 1.459 -1.668 
1.121 1.459 -1.668 
1.121 1.459 -1.668 
1.121 1.459 -1.668 
1.121 1.459 -1.668 
1.121 1.459 -1.668 
1.121 1.459 -1.668 
1.121 1.459 -1.668 
1.121 1.459 -1.668 
1.121 1.459 -1.668 
1.121 1.459 -1.668 
1.121 1.459 -1.668 
1.121 1.459 -1.668 
1.121 1.459 -1.668 
1.121 1.459 -1.668 
1.121 1.459 -1.668 
1.121 1.459 -1.668 
1.121 1.459 -1.668 
1.121 1.459 -1.668 
1.121 1.459 -1.668 
1.121 1.459 -1.668 
1.121 1.459 -1.668 
1.121 1.459 -1.668 
1.121 1.459 -1.668 
1.121 1.459 -1.668 
1.121 1.459 -1.668 
1.121 1.459 -1.668 
1.121 1.459 -1.668 
1.121 1.459 -1.668 
1.121 1.459 -1.668 
1.121 1.459 -1.668 
1.121 1.459 -1.668 
1.121 1.459 -1.668 
1.121 1.459 -1.668 
1.121 1.459 -1.668 
1.121 1.459 -1.668 
1.121 1.459 -1.668 
1.121 1.459 -1.668 
1.121 1.459 -1.668 
1.121 1.459 -1.668 
1.121 1.459 -1.668 
1.121 1.459 -1.668 
1.121 1.459 -1.668 
1.121 1.459 -1.668 
1.121 1.459 -1.668 
1.121 1.459 -1.668 
1.121 1.459 -1.668 
1.121 1.459 -1.668 
1.121 1.459 -1.668 
1.121 1.459 -1.668 
1.121 1.459 -1.668 
1.121 1.459 -1.668 
1.121 1.459 -1.668 
1.121 1.459 -1.668 
1.121 1.459 -1.668 
1.121 1.459 -1.668 
1.121 1.459 -1.668 
1.121 1.459 -1.668 
1.121 1.459 -1.668 
1.121 1.459 -1.668 
1.121 1.459 -1.668 
1.121 1.459 -1.668 
1.121 1.459 -1.668 
1.121 1.459 -1.668 
1.121 1.459 -1.668 
1.121 1.459 -1.668 
1.121 1.459 -1.668 
1.121 1.459 -1.668 
1.121 1.459 -1.668 
1.121 1.459 -1.668 
1.121 1.459 -1.668 
1.121 1.459 -1.668 
1.121 1.459 -1.668 
1.121 1.459 -1.668 
1.121 1.459 -1.668 
1.121 1.459 -1.668 
1.121 1.459 -1.668 
1.121 1.459 -1.668 
1.121 1.459 -1.668 
1.121 1.459 -1.668 
1.121 1.459 -1.668 
1.121 1.459 -1.668 
1.121 1.459 -1.668 
1.121 1.459 -1.668 
1.121 1.459 -1.668 
1.121 1.459 -1.668 
1.121 1.459 -1.668 
1.121 1.459 -1.668 
1.121 1.459 -1.668 
1.121 1.459 -1.668 
1.121 1.459 -1.668 
1.121 1.459 -1.668 
1.121 1.459 -1.668 
1.121 1.459 -1.668 
1.121 1.459 -1.668 
1.121 1.459 -1.668 
1.121 1.459 -1.668 
1.121 1.459 -1.668 
1.121 1.459 -1.668 
1.121 1.459 -1.668 
1.121 1.459 -1.668 
1.121 1.459 -1.668 
1.121 1.459 -1.668 
1.121 1.459 -1.668 
1.121 1.459 -1.668 
1.121 1.459 -1.668 
1.121 1.459 -1.668 
1.121 1.459 -1.668 
1.121 1.459 -1.668 
1.121 1.459 -1.668 
1.121 1.459 -1.668 
1.121 1.459 -1.668 
1.121 1.459 -1.668 
1.121 1.459 -1.668 
1.121 1.459 -1.668 
1.121 1.459 -1.668 
1.121 1.459 -1.668 
1.121 1.459 -1.668 
1.121 1.459 -1.668 
1.121 1.459 -1.668 
1.121 1.459 -1.668 
1.121 1.459 -1.668 
1.121 1.459 -1.668 
1.121 1.459 -1.668 
1.121 1.459 -1.668 
1.121 1.459 -1.668 
1.121 1.459 -1.668 
1.121 1.459 -1.668 
1.121 1.459 -1.668 
1.121 1.459 -1.668 
1.121 1.459 -1.668 
1.121 1.459 -1.668 
1.121 1.459 -1.668 
1.121 1.459 -1.668 
1.121 1.459 -1.668 
1.121 1.459 -1.668 
1.121 1.459 -1.668 
1.121 1.459 -1.668 
1.121 1.459 -1.668 
1.121 1.459 -1.668 
1.121 1.459 -1.668 
1.121 1.459 -1.668 
1.121 1.459 -1.668 
1.121 1.459 -1.668 
1.121 1.459 -1.668 
1.121 1.459 -1.668 
1.121 1.459 -1.668 
1.121 1.459 -1.668 
1.121 1.459 -1.668 
1.121 1.459 -1.668 
1.121 1.459 -1.668 
1.121 1.459 -1.668 
1.121 1.459 -1.668 
1.121 1.459 -1.668 
1.121 1.459 -1.668 
1.121 1.459 -1.668 
1.121 1.459 -1.668 
1.121 1.459 -1.668 
1.121 1.459 -1.668 
1.121 1.459 -1.668 
1.121 1.459 -1.668 
1.121 1.459 -1.668 
1.121 1.459 -1.668 
1.121 1.459 -1.668 
1.121 1.459 -1.668 
1.121 1.459 -1.668 
1.121 1.459 -1.668 
1.121 1.459 -1.668 
1.121 1.459 -1.668 
1.121 1.459 -1.668 
1.121 1.459 -1.668 
1.121 1.459 -1.668 
1.121 1.459 -1.668 
1.121 1.459 -1.668 
1.121 1.459 -1.668 
1.121 1.459 -1.668 
1.121 1.459 -1.668 
1.121 1.459 -1.668 
1.121 1.459 -1.668 
1.121 1.459 -1.668 
1.121 1.459 -1.668 
1.121 1.459 -1.668 
1.121 1.459 -1.668 
1.121 1.459 -1.668 
1.121 1.459 -1.668 
1.121 1.459 -1.668 
1.121 1.459 -1.668 
1.121 1.459 -1.668 
1.121 1.459 -1.668 
1.121 1.459 -1.668 
1.121 1.459 -1.668 
1.121 1.459 -1.668 
1.121 1.459 -1.668 
1.121 1.459 -1.668 
1.121 1.459 -1.668 
1.121 1.459 -1.668 
1.121 1.459 -1.668 
1.121 1.459 -1.668 
1.121 1.459 -1.668 
1.121 1.459 -1.668 
1.121 1.459 -1.668 
1.121 1.459 -1.668 
1.121 1.459 -1.668 
1.121 1.459 -1.668 
1.121 1.459 -1.668 
1.121 1.459 -1.668 
1.121 1.459 -1.668 
1.121 1.459 -1.668 
1.121 1.459 -1.668 
1.121 1.459 -1.668 
1.121 1.459 -1.668 
1.121 1.459 -1.668 
1.121 1.459 -1.668 
1.121 1.459 -1.668 
1.121 1.459 -1.668 
1.121 1.459 -1.668 
1.121 1.459 -1.668 
1.121 1.459 -1.668 
1.121 1.459 -1.668 
1.121 1.459 -1.668 
1.121 1.459 -1.668 
1.121 1.459 -1.668 
1.121 1.459 -1.668 
1.121 1.459 -1.668 
1.121 1.459 -1.668 
1.121 1.459 -1.668 
1.121 1.459 -1.668 
1.121 1.459 -1.668 
1.121 1.459 -1.668 
1.121 1.459 -1.668 
1.121 1.459 -1.668 
1.121 1.459 -1.668 
1.121 1.459 -1.668 
1.121 1.459 -1.668 
1.121 1.459 -1.668 
1.121 1.459 -1.668 
1.121 1.459 -1.668 
1.121 1.459 -1.668 
1.121 1.459 -1.668 
1.121 1.459 -1.668 
1.121 1.459 -1.668 
1.121 1.459 -1.668 
1.121 1.459 -1.668 
1.121 1.459 -1.668 
1.121 1.459 -1.668 
1.121 1.459 -1.668 
1.121 1.459 -1.668 
1.121 1.459 -1.668 
1.121 1.459 -1.668 
1.121 1.459 -1.668 
1.121 1.459 -1.668 
1.121 1.459 -1.668 
1.121 1.459 -1.668 
1.121 1.459 -1.668 
1.121 1.459 -1.668 
1.121 1.459 -1.668 
1.121 1.459 -1.668 
1.121 1.459 -1.668 
1.121 1.459 -1.668 
1.121 1.459 -1.668 
1.121 1.459 -1.668 
1.121 1.459 -1.668 
1.121 1.459 -1.668 
1.121 1.459 -1.668 
1.121 1.459 -1.668 
1.121 1.459 -1.668 
1.121 1.459 -1.668 
1.121 1.459 -1.668 
1.121 1.459 -1.668 
1.121 1.459 -1.668 
1.121 1.459 -1.668 
1.121 1.459 -1.668 
1.121 1.459 -1.668 
1.121 1.459 -1.668 
1.121 1.459 -1.668 
1.121 1.459 -1.668 
1.121 1.459 -1.668 
1.121 1.459 -1.668 
1.121 1.459 -1.668 
1.121 1.459 -1.668 
1.121 1.459 -1.668 
1.121 1.459 -1.668 
1.121 1.459 -1.668 
1.121 1.459 -1.668 
1.121 1.459 -1.668 
1.121 1.459 -1.668 
1.121 1.459 -1.668 
1.121 1.459 -1.668 
1.121 1.459 -1.668 
1.121 1.459 -1.668 
1.121 1.459 -1.668 
1.121 1.459 -1.668 
1.121 1.459 -1.668 
1.121 1.459 -1.668 
1.121 1.459 -1.668 
1.121 1.459 -1.668 
1.121 1.459 -1.668 
1.121 1.459 -1.668 
1.121 1.459 -1.668 
1.121 1.459 -1.668 
1.121 1.459 -1.668 
1.121 1.459 -1.668 
1.121 1.459 -1.668 
1.121 1.459 -1.668 
1.121 1.459 -1.668 
1.121 1.459 -1.668 
1.121 1.459 -1.668 
1.121 1.459 -1.668 
1.121 1.459 -1.668 
1.121 1.459 -1.668 
1.121 1.459 -1.668 
1.121 1.459 -1.668 
1.121 1.459 -1.668 
1.121 1.459 -1.668 
1.121 1.459 -1.668 
1.121 1.459 -1.668 
1.121 1.459 -1.668 
1.121 1.459 -1.668 
1.121 1.459 -1.668 
1.121 1.459 -1.668 
1.121 1.459 -1.668 
1.121 1.459 -1.668 
1.121 1.459 -1.668 
1.121 1.459 -1.668 
1.121 1.459 -1.668 
1.121 1.459 -1.668 
1.121 1.459 -1.668 
1.121 1.459 -1.668 
1.121 1.459 -1.668 
1.121 1.459 -1.668 
1.121 1.459 -1.668 
1.121 1.459 -1.668 
1.121 1.459 -1.668 
1.121 1.459 -1.668 
1.121 1.459 -1.668 
1.121 1.459 -1.668 
1.121 1.459 -1.668 
1.121 1.459 -1.668 
1.121 1.459 -1.668 
1.121 1.459 -1.668 
1.121 1.459 -1.668 
1.121 1.459 -1.668 
1.121 1.459 -1.668 
1.121 1.459 -1.668 
1.121 1.459 -1.668 
1.121 1.459 -1.668 
1.121 1.459 -1.668 
1.121 1.459 -1.668 
1.121 1.459 -1.668 
1.121 1.459 -1.668 
1.121 1.459 -1.668 
1.121 1.459 -1.668 
1.121 1.459 -1.668 
1.121 1.459 -1.668 
1.121 1.459 -1.668 
1.121 1.459 -1.668 
1.121 1.459 -1.668 
1.121 1.459 -1.668 
1.121 1.459 -1.668 
1.121 1.459 -1.668 
1.121 1.459 -1.668 
1.121 1.459 -1.668 
1.121 1.459 -1.668 
1.121 1.459 -1.668 
1.121 1.459 -1.668 
1.121 1.459 -1.668 
1.121 1.459 -1.668 
1.121 1.459 -1.668 
1.121 1.459 -1.668 
1.121 1.459 -1.668 
1.121 1.459 -1.668 
1.121 1.459 -1.668 
1.121 1.459 -1.668 
1.121 1.459 -1.668 
1.121 1.459 -1.668 
1.121 1.459 -1.668 
1.121 1.459 -1.668 
1.121 1.459 -1.668 
1.121 1.459 -1.668 
1.121 1.459 -1.668 
1.121 1.459 -1.668 
1.121 1.459 -1.668 
1.121 1.459 -1.668 
1.121 1.459 -1.668 
1.121 1.459 -1.668 
1.121 1.459 -1.668 
1.121 1.459 -1.668 
1.121 1.459 -1.668 
1.121 1.459 -1.668 
1.121 1.459 -1.668 
1.121 1.459 -1.668 
1.121 1.459 -1.668 
1.121 1.459 -1.668 
1.121 1.459 -1.668 
1.121 1.459 -1.668 
1.121 1.459 -1.668 
1.121 1.459 -1.668 
1.121 1.459 -1.668 
1.121 1.459 -1.668 
1.121 1.459 -1.668 
1.121 1.459 -1.668 
1.121 1.459 -1.668 
1.121 1.459 -1.668 
1.121 1.459 -1.668 
1.121 1.459 -1.668 
1.121 1.459 -1.668 
1.121 1.459 -1.668 
1.121 1.459 -1.668 
1.121 1.459 -1.668 
1.121 1.459 -1.668 
1.121 1.459 -1.668 
1.121 1.459 -1.668 
1.121 1.459 -1.668 
1.121 1.459 -1.668 
1.121 1.459 -1.668 
1.121 1.459 -1.668 
1.121 1.459 -1.668 
1.121 1.459 -1.668 
1.121 1.459 -1.668 
1.121 1.459 -1.668 
1.121 1.459 -1.668 
1.121 1.459 -1.668 
1.121 1.459 -1.668 
1.121 1.459 -1.668 
1.121 1.459 -1.668 
1.121 1.459 -1.668 
1.121 1.459 -1.668 
1.121 1.459 -1.668 
1.121 1.459 -1.668 
1.121 1.459 -1.668 
1.121 1.459 -1.668 
1.121 1.459 -1.668 
1.121 1.459 -1.668 
1.121 1.459 -1.668 
1.121 1.459 -1.668 
1.121 1.459 -1.668 
1.121 1.459 -1.668 
1.121 1.459 -1.668 
1.121 1.459 -1.668 
1.121 1.459 -1.668 
1.121 1.459 -1.668 
1.121 1.459 -1.668 
1.121 1.459 -1.668 
1.121 1.459 -1.668 
1.121 1.459 -1.668 
1.121 1.459 -1.668 
1.121 1.459 -1.668 
1.121 1.459 -1.668 
1.121 1.459 -1.668 
1.121 1.459 -1.668 
1.121 1.459 -1.668 
1.121 1.459 -1.668 
1.121 1.459 -1.668 
1.121 1.459 -1.668 
1.121 1.459 -1.668 
1.121 1.459 -1.668 
1.121 1.459 -1.668 
1.121 1.459 -1.668 
1.121 1.459 -1.668 
1.121 1.459 -1.668 
1.121 1.459 -1.668 
1.121 1.459 -1.668 
1.121 1.459 -1.668 
1.121 1.459 -1.668 
1.121 1.459 -1.668 
1.121 1.459 -1.668 
1.121 1.459 -1.668 
1.121 1.459 -1.668 
1.121 1.459 -1.668 
1.121 1.459 -1.668 
1.121 1.459 -1.668 
1.121 1.459 -1.668 
1.121 1.459 -1.668 
1.121 1.459 -1.668 
1.121 1.459 -1.668 
1.121 1.459 -1.668 
1.121 1.459 -1.668 
1.121 1.459 -1.668 
1.121 1.459 -1.668 
1.121 1.459 -1.668 
1.121 1.459 -1.668 
1.121 1.459 -1.668 
1.121 1.459 -1.668 
1.121 1.459 -1.668 
1.121 1.459 -1.668 
1.121 1.459 -1.668 
1.121 1.459 -1.668 
1.121 1.459 -1.668 
1.121 1.459 -1.668 
1.121 1.459 -1.668 
1.121 1.459 -1.668 
1.121 1.459 -1.668 
1.121 1.459 -1.668 
1.121 1.459 -1.668 
1.121 1.459 -1.668 
1.121 1.459 -1.668 
1.121 1.459 -1.668 
1.121 1.459 -1.668 
1.121 1.459 -1.668 
1.121 1.459 -1.668 
1.121 1.459 -1.668 
1.121 1.459 -1.668 
1.121 1.459 -1.668 
1.121 1.459 -1.668 
1.121 1.459 -1.668 
1.121 1.459 -1.668 
1.121 1.459 -1.668 
1.121 1.459 -1.668 
1.121 1.459 -1.668 
1.121 1.459 -1.668 
1.121 1.459 -1.668 
1.121 1.459 -1.668 
1.121 1.459 -1.668 
1.121 1.459 -1.668 
1.121 1.459 -1.668 
1.121 1.459 -1.668 
1.121 1.459 -1.668 
1.121 1.459 -1.668 
1.121 1.459 -1.668 
1.121 1.459 -1.668 
1.121 1.459 -1.668 
1.121 1.459 -1.668 
1.121 1.459 -1.668 
1.121 1.459 -1.668 
1.121 1.459 -1.668 
1.121 1.459 -1.668 
1.121 1.459 -1.668 
1.121 1.459 -1.668 
1.121 1.459 -1.668 
1.121 1.459 -1.668 
1.121 1.459 -1.668 
1.121 1.459 -1.668 
1.121 1.459 -1.668 
1.121 1.459 -1.668 
1.121 1.459 -1.668 
1.121 1.459 -1.668 
1.121 1.459 -1.668 
1.121 1.459 -1.668 
1.121 1.459 -1.668 
1.121 1.459 -1.668 
1.121 1.459 -1.668 
1.121 1.459 -1.668 
1.121 1.459 -1.668 
1.121 1.459 -1.668 
1.121 1.459 -1.668 
1.121 1.459 -1.668 
1.121 1.459 -1.668 
1.121 1.459 -1.668 
1.121 1.459 -1.668 
1.121 1.459 -1.668 
1.121 1.459 -1.668 
1.121 1.459 -1.668 
1.121 1.459 -1.668 
1.121 1.459 -1.668 
1.121 1.459 -1.668 
1.121 1.459 -1.668 
1.121 1.459 -1.668 
1.121 1.459 -1.668 
1.121 1.459 -1.668 
1.121 1.459 -1.668 
1.121 1.459 -1.668 
1.121 1.459 -1.668 
1.121 1.459 -1.668 
1.121 1.459 -1.668 
1.121 1.459 -1.668 
1.121 1.459 -1.668 
1.121 1.459 -1.668 
1.121 1.459 -1.668 
1.121 1.459 -1.668 
1.121 1.459 -1.668 
1.121 1.459 -1.668 
1.121 1.459 -1.668 
1.121 1.459 -1.668 
1.121 1.459 -1.668 
1.121 1.459 -1.668 
1.121 1.459 -1.668 
1.121 1.459 -1.668 
1.121 1.459 -1.668 
1.121 1.459 -1.668 
1.121 1.459 -1.668 
1.121 1.459 -1.668 
1.121 1.459 -1.668 
1.121 1.459 -1.668 
1.121 1.459 -1.668 
1.121 1.459 -1.668 
1.121 1.459 -1.668 
1.121 1.459 -1.668 
1.121 1.459 -1.668 
1.121 1.459 -1.668 
1.121 1.459 -1.668 
1.121 1.459 -1.668 
1.121 1.459 -1.668 
1.121 1.459 -1.668 
1.121 1.459 -1.668 
1.121 1.459 -1.668 
1.121 1.459 -1.668 
1.121 1.459 -1.668 
1.121 1.459 -1.668 
1.121 1.459 -1.668 
1.121 1.459 -1.668 
1.121 1.459 -1.668 
1.121 1.459 -1.668 
1.121 1.459 -1.668 
1.121 1.459 -1.668 
1.121 1.459 -1.668 
1.121 1.459 -1.668 
1.121 1.459 -1.668 
1.121 1.459 -1.668 
1.121 1.459 -1.668 
1.121 1.459 -1.668 
1.121 1.459 -1.668 
1.121 1.459 -1.668 
1.121 1.459 -1.668 
1.121 1.459 -1.668 
1.121 1.459 -1.668 
1.121 1.459 -1.668 
1.121 1.459 -1.668 
1.121 1.459 -1.668 
1.121 1.459 -1.668 
1.121 1.459 -1.668 
1.121 1.459 -1.668 
1.121 1.459 -1.668 
1.121 1.459 -1.668 
1.121 1.459 -1.668 
1.121 1.459 -1.668 
1.121 1.459 -1.668 
1.121 1.459 -1.668 
1.121 1.459 -1.668 
1.121 1.459 -1.668 
1.121 1.459 -1.668 
1.121 1.459 -1.668 
1.121 1.459 -1.668 
1.121 1.459 -1.668 
1.121 1.459 -1.668 
1.121 1.459 -1.668 
1.121 1.459 -1.668 
1.121 1.459 -1.668 
1.121 1.459 -1.668 
1.121 1.459 -1.668 
1.121 1.459 -1.668 
1.121 1.459 -1.668 
1.121 1.459 -1.668 
1.121 1.459 -1.668 
1.121 1.459 -1.668 
1.121 1.459 -1.668 
1.121 1.459 -1.668 
1.121 1.459 -1.668 
1.121 1.459 -1.668 
1.121 1.459 -1.668 
1.121 1.459 -1.668 
1.121 1.459 -1.668 
1.121 1.459 -1.668 
1.121 1.459 -1.668 
1.121 1.459 -1.668 
1.121 1.459 -1.668 
1.121 1.459 -1.668 
1.121 1.459 -1.668 
1.121 1.459 -1.668 
1.121 1.459 -1.668 
1.121 1.459 -1.668 
1.121 1.459 -1.668 
1.121 1.459 -1.668 
1.121 1.459 -1.668 
1.121 1.459 -1.668 
1.121 1.459 -1.668 
1.121 1.459 -1.668 
1.121 1.459 -1.668 
1.121 1.459 -1.668 
1.121 1.459 -1.668 
1.121 1.459 -1.668 
1.121 1.459 -1.668 
1.121 1.459 -1.668 
1.121 1.459 -1.668 
1.121 1.459 -1.668 
1.121 1.459 -1.668 
1.121 1.459 -1.668 
1.121 1.459 -1.668 
1.121 1.459 -1.668 
1.121 1.459 -1.668 
1.121 1.459 -1.668 
1.121 1.459 -1.668 
1.121 1.459 -1.668 
1.121 1.459 -1.668 
1.121 1.459 -1.668 
1.121 1.459 -1.668 
1.121 1.459 -1.668 
1.121 1.459 -1.668 
1.121 1.459 -1.668 
1.121 1.459 -1.668 
1.121 1.459 -1.668 
1.121 1.459 -1.668 
1.121 1.459 -1.668 
1.121 1.459 -1.668 
1.121 1.459 -1.668 
1.121 1.459 -1.668 
1.121 1.459 -1.668 
1.121 1.459 -1.668 
1.121 1.459 -1.668 
1.121 1.459 -1.668 
1.121 1.459 -1.668 
1.121 1.459 -1.668 
1.121 1.459 -1.668 
1.121 1.459 -1.668 
1.121 1.459 -1.668 
1.121 1.459 -1.668 
1.121 1.459 -1.668 
1.121 1.459 -1.668 
1.121 1.459 -1.668 
1.121 1.459 -1.668 
1.121 1.459 -1.668 
1.121 1.459 -1.668 
1.121 1.459 -1.668 
1.121 1.459 -1.668 
1.121 1.459 -1.668 
1.121 1.459 -1.668 
1.121 1.459 -1.668 
1.121 1.459 -1.668 
1.121 1.459 -1.668 
1.121 1.459 -1.668 
1.121 1.459 -1.668 
1.121 1.459 -1.668 
1.121 1.459 -1.668 
1.121 1.459 -1.668 
1.121 1.459 -1.668 
1.121 1.459 -1.668 
1.121 1.459 -1.668 
1.121 1.459 -1.668 
1.121 1.459 -1.668 
1.121 1.459 -1.668 
1.121 1.459 -1.668 
1.121 1.459 -1.668 
1.121 1.459 -1.668 
1.121 1.459 -1.668 
1.121 1.459 -1.668 
1.121 1.459 -1.668 
1.121 1.459 -1.668 
1.121 1.459 -1.668 
1.121 1.459 -1.668 
1.121 1.459 -1.668 
1.121 1.459 -1.668 
1.121 1.459 -1.668 
1.121 1.459 -1.668 
1.121 1.459 -1.668 
1.121 1.459 -1.668 
1.121 1.459 -1.668 
1.121 1.459 -1.668 
1.121 1.459 -1.668 
1.121 1.459 -1.668 
1.121 1.459 -1.668 
1.121 1.459 -1.668 
1.121 1.459 -1.668 
1.121 1.459 -1.668 
1.121 1.459 -1.668 
1.121 1.459 -1.668 
1.121 1.459 -1.668 
1.121 1.459 -1.668 
1.121 1.459 -1.668 
1.121 1.459 -1.668 
1.121 1.459 -1.668 
1.121 1.459 -1.668 
1.121 1.459 -1.668 
1.121 1.459 -1.668 
1.121 1.459 -1.668 
1.121 1.459 -1.668 
1.121 1.459 -1.668 
1.121 1.459 -1.668 
1.121 1.459 -1.668 
1.121 1.459 -1.668 
1.121 1.459 -1.668 
1.121 1.459 -1.668 
1.121 1.459 -1.668 
1.121 1.459 -1.668 
1.121 1.459 -1.668 
1.121 1.459 -1.668 
1.121 1.459 -1.668 
1.121 1.459 -1.668 
1.121 1.459 -1.668 
1.121 1.459 -1.668 
1.121 1.459 -1.668 
1.121 1.459 -1.668 
1.121 1.459 -1.668 
1.121 1.459 -1.668 
1.121 1.459 -1.668 
1.121 1.459 -1.668 
1.121 1.459 -1.668 
1.121 1.459 -1.668 
1.121 1.459 -1.668 
1.121 1.459 -1.668 
1.121 1.459 -1.668 
1.121 1.459 -1.668 
1.121 1.459 -1.668 
1.121 1.459 -1.668 
1.121 1.459 -1.668 
1.121 1.459 -1.668 
1.121 1.459 -1.668 
1.121 1.459 -1.668 
1.121 1.459 -1.668 
1.121 1.459 -1.668 
1.121 1.459 -1.668 
1.121 1.459 -1.668 
1.121 1.459 -1.668 
1.121 1.459 -1.668 
1.121 1.459 -1.668 
1.121 1.459 -1.668 
1.121 1.459 -1.668 
1.121 1.459 -1.668 
1.121 1.459 -1.668 
1.121 1.459 -1.668 
1.121 1.459 -1.668 
1.121 1.459 -1.668 
1.121 1.459 -1.668 
1.121 1.459 -1.668 
1.121 1.459 -1.668 
1.121 1.459 -1.668 
1.121 1.459 -1.668 
1.121 1.459 -1.668 
1.121 1.459 -1.668 
1.121 1.459 -1.668 
1.121 1.459 -1.668 
1.121 1.459 -1.668 
1.121 1.459 -1.668 
1.121 1.459 -1.668 
1.121 1.459 -1.668 
1.121 1.459 -1.668 
1.121 1.459 -1.668 
1.121 1.459 -1.668 
1.121 1.459 -1.668 
1.121 1.459 -1.668 
1.121 1.459 -1.668 
1.121 1.459 -1.668 
1.121 1.459 -1.668 
1.121 1.459 -1.668 
1.121 1.459 -1.668 
1.121 1.459 -1.668 
1.121 1.459 -1.668 
1.121 1.459 -1.668 
1.121 1.459 -1.668 
1.121 1.459 -1.668 
1.121 1.459 -1.668 
1.121 1.459 -1.668 
1.121 1.459 -1.668 
1.121 1.459 -1.668 
1.121 1.459 -1.668 
1.121 1.459 -1.668 
1.121 1.459 -1.668 
1.121 1.459 -1.668 
1.121 1.459 -1.668 
1.121 1.459 -1.668 
1.121 1.459 -1.668 
1.121 1.459 -1.668 
1.121 1.459 -1.668 
1.121 1.459 -1.668 
1.121 1.459 -1.668 
1.121 1.459 -1.668 
1.121 1.459 -1.668 
1.121 1.459 -1.668 
1.121 1.459 -1.668 
1.121 1.459 -1.668 
1.121 1.459 -1.668 
1.121 1.459 -1.668 
1.121 1.459 -1.668 
1.121 1.459 -1.668 
1.121 1.459 -1.668 
1.121 1.459 -1.668 
1.121 1.459 -1.668 
1.121 1.459 -1.668 
1.121 1.459 -1.668 
1.121 1.459 -1.668 
1.121 1.459 -1.668 
1.121 1.459 -1.668 
1.121 1.459 -1.668 
1.121 1.459 -1.668 
1.121 1.459 -1.668 
1.121 1.459 -1.668 
1.121 1.459 -1.668 
1.121 1.459 -1.668 
1.121 1.459 -1.668 
1.121 1.459 -1.668 
1.121 1.459 -1.668 
1.121 1.459 -1.668 
1.121 1.459 -1.668 
1.121 1.459 -1.668 
1.121 1.459 -1.668 
1.121 1.459 -1.668 
1.121 1.459 -1.668 
1.121 1.459 -1.668 
1.121 1.459 -1.668 
1.121 1.459 -1.668 
1.121 1.459 -1.668 
1.121 1.459 -1.668 
1.121 1.459 -1.668 
1.121 1.459 -1.668 
1.121 1.459 -1.668 
1.121 1.459 -1.668 
1.121 1.459 -1.668 
1.121 1.459 -1.668 
1.121 1.459 -1.668 
1.121 1.459 -1.668 
1.121 1.459 -1.668 
1.121 1.459 -1.668 
1.121 1.459 -1.668 
1.121 1.459 -1.668 
1.121 1.459 -1.668 
1.121 1.459 -1.668 
1.121 1.459 -1.668 
1.121 1.459 -1.668 
1.121 1.459 -1.668 
1.121 1.459 -1.668 
1.121 1.459 -1.668 
1.121 1.459 -1.668 
1.121 1.459 -1.668 
1.121 1.459 -1.668 
1.121 1.459 -1.668 
1.121 1.459 -1.668 
1.121 1.459 -1.668 
1.121 1.459 -1.668 
1.121 1.459 -1.668 
1.121 1.459 -1.668 
1.121 1.459 -1.668 
1.121 1.459 -1.668 
1.121 1.459 -1.668 
1.121 1.459 -1.668 
1.121 1.459 -1.668 
1.121 1.459 -1.668 
1.121 1.459 -1.668 
1.121 1.459 -1.668 
1.121 1.459 -1.668 
1.121 1.459 -1.668 
1.121 1.459 -1.668 
1.121 1.459 -1.668 
1.121 1.459 -1.668 
1.121 1.459 -1.668 
1.121 1.459 -1.668 
1.121 1.459 -1.668 
1.121 1.459 -1.668 
1.121 1.459 -1.668 
1.121 1.459 -1.668 
1.121 1.459 -1.668 
1.121 1.459 -1.668 
1.121 1.459 -1.668 
1.121 1.459 -1.668 
1.121 1.459 -1.668 
1.121 1.459 -1.668 
1.121 1.459 -1.668 
1.121 1.459 -1.668 
1.121 1.459 -1.668 
1.121 1.459 -1.668 
1.121 1.459 -1.668 
1.121 1.459 -1.668 
1.121 1.459 -1.668 
1.121 1.459 -1.668 
1.121 1.459 -1.668 
1.121 1.459 -1.668 
1.121 1.459 -1.668 
1.121 1.459 -1.668 
1.121 1.459 -1.668 
1.121 1.459 -1.668 
1.121 1.459 -1.668 
1.121 1.459 -1.668 
1.121 1.459 -1.668 
1.121 1.459 -1.668 
1.121 1.459 -1.668 
1.121 1.459 -1.668 
1.121 1.459 -1.668 
1.121 1.459 -1.668 
1.121 1.459 -1.668 
1.121 1.459 -1.668 
1.121 1.459 -1.668 
1.121 1.459 -1.668 
1.121 1.459 -1.668 
1.121 1.459 -1.668 
1.121 1.459 -1.668 
1.121 1.459 -1.668 
1.121 1.459 -1.668 
1.121 1.459 -1.668 
1.121 1.459 -1.668 
1.121 1.459 -1.668 
1.121 1.459 -1.668 
1.121 1.459 -1.668 
1.121 1.459 -1.668 
1.121 1.459 -1.668 
1.121 1.459 -1.668 
1.121 1.459 -1.668 
1.121 1.459 -1.668 
1.121 1.459 -1.668 
1.121 1.459 -1.668 
1.121 1.459 -1.668 
1.121 1.459 -1.668 
1.121 1.459 -1.668 
1.121 1.459 -1.668 
1.121 1.459 -1.668 
1.121 1.459 -1.668 
1.121 1.459 -1.668 
1.121 1.459 -1.668 
1.121 1.459 -1.668 
1.121 1.459 -1.668 
1.121 1.459 -1.668 
1.121 1.459 -1.668 
1.121 1.459 -1.668 
1.121 1.459 -1.668 
1.121 1.459 -1.668 
1.121 1.459 -1.668 
1.121 1.459 -1.668 
1.121 1.459 -1.668 
1.121 1.459 -1.668 
1.121 1.459 -1.668 
1.121 1.459 -1.668 
1.121 1.459 -1.668 
1.121 1.459 -1.668 
1.121 1.459 -1.668 
1.121 1.459 -1.668 
1.121 1.459 -1.668 
1.121 1.459 -1.668 
1.121 1.459 -1.668 
1.121 1.459 -1.668 
1.121 1.459 -1.668 
1.121 1.459 -1.668 
1.121 1.459 -1.668 
1.121 1.459 -1.668 
1.121 1.459 -1.668 
1.121 1.459 -1.668 
1.121 1.459 -1.668 
1.121 1.459 -1.668 
1.121 1.459 -1.668 
1.121 1.459 -1.668 
1.121 1.459 -1.668 
1.121 1.459 -1.668 
1.121 1.459 -1.668 
1.121 1.459 -1.668 
1.121 1.459 -1.668 
1.121 1.459 -1.668 
1.121 1.459 -1.668 
1.121 1.459 -1.668 
1.121 1.459 -1.668 
1.121 1.459 -1.668 
1.121 1.459 -1.668 
1.121 1.459 -1.668 
1.121 1.459 -1.668 
1.121 1.459 -1.668 
1.121 1.459 -1.668 
1.121 1.459 -1.668 
1.121 1.459 -1.668 
1.121 1.459 -1.668 
1.121 1.459 -1.668 
1.121 1.459 -1.668 
1.121 1.459 -1.668 
1.121 1.459 -1.668 
1.121 1.459 -1.668 
1.121 1.459 -1.668 
1.121 1.459 -1.668 
1.121 1.459 -1.668 
1.121 1.459 -1.668 
1.121 1.459 -1.668 
1.121 1.459 -1.668 
1.121 1.459 -1.668 
1.121 1.459 -1.668 
1.121 1.459 -1.668 
1.121 1.459 -1.668 
1.121 1.459 -1.668 
1.121 1.459 -1.668 
1.121 1.459 -1.668 
1.121 1.459 -1.668 
1.121 1.459 -1.668 
1.121 1.459 -1.668 
1.121 1.459 -1.668 
1.121 1.459 -1.668 
1.121 1.459 -1.668 
1.121 1.459 -1.668 
1.121 1.459 -1.668 
1.121 1.459 -1.668 
1.121 1.459 -1.668 
1.121 1.459 -1.668 
1.121 1.459 -1.668 
1.121 1.459 -1.668 
1.121 1.459 -1.668 
1.121 1.459 -1.668 
1.121 1.459 -1.668 
1.121 1.459 -1.668 
1.121 1.459 -1.668 
1.121 1.459 -1.668 
1.121 1.459 -1.668 
1.121 1.459 -1.668 
1.121 1.459 -1.668 
1.121 1.459 -1.668 
1.121 1.459 -1.668 
1.121 1.459 -1.668 
1.121 1.459 -1.668 
1.121 1.459 -1.668 
1.121 1.459 -1.668 
1.121 1.459 -1.668 
1.121 1.459 -1.668 
1.121 1.459 -1.668 
1.121 1.459 -1.668 
1.121 1.459 -1.668 
1.121 1.459 -1.668 
1.121 1.459 -1.668 
1.121 1.459 -1.668 
1.121 1.459 -1.668 
1.121 1.459 -1.668 
1.121 1.459 -1.668 
1.121 1.459 -1.668 
1.121 1.459 -1.668 
1.121 1.459 -1.668 
1.121 1.459 -1.668 
1.121 1.459 -1.668 
1.121 1.459 -1.668 
1.121 1.459 -1.668 
1.121 1.459 -1.668 
1.121 1.459 -1.668 
1.121 1.459 -1.668 
1.121 1.459 -1.668 
1.121 1.459 -1.668 
1.121 1.459 -1.668 
1.121 1.459 -1.668 
1.121 1.459 -1.668 
1.121 1.459 -1.668 
1.121 1.459 -1.668 
1.121 1.459 -1.668 
1.121 1.459 -1.668 
1.121 1.459 -1.668 
1.121 1.459 -1.668 
1.121 1.459 -1.668 
1.121 1.459 -1.668 
1.121 1.459 -1.668 
1.121 1.459 -1.668 
1.121 1.459 -1.668 
1.121 1.459 -1.668 
1.121 1.459 -1.668 
1.121 1.459 -1.668 
1.121 1.459 -1.668 
1.121 1.459 -1.668 
1.121 1.459 -1.668 
1.121 1.459 -1.668 
1.121 1.459 -1.668 
1.121 1.459 -1.668 
1.121 1.459 -1.668 
1.121 1.459 -1.668 
1.121 1.459 -1.668 
1.121 1.459 -1.668 
1.121 1.459 -1.668 
1.121 1.459 -1.668 
1.121 1.459 -1.668 
1.121 1.459 -1.668 
1.121 1.459 -1.668 
1.121 1.459 -1.668 
1.121 1.459 -1.668 
1.121 1.459 -1.668 
1.121 1.459 -1.668 
1.121 1.459 -1.668 
1.121 1.459 -1.668 
1.121 1.459 -1.668 
1.121 1.459 -1.668 
1.121 1.459 -1.668 
1.121 1.459 -1.668 
1.121 1.459 -1.668 
1.121 1.459 -1.668 
1.121 1.459 -1.668 
1.121 1.459 -1.668 
1.121 1.459 -1.668 
1.121 1.459 -1.668 
1.121 1.459 -1.668 
1.121 1.459 -1.668 
1.121 1.459 -1.668 
1.121 1.459 -1.668 
1.121 1.459 -1.668 
1.121 1.459 -1.668 
1.121 1.459 -1.668 
1.121 1.459 -1.668 
1.121 1.459 -1.668 
1.121 1.459 -1.668 
1.121 1.459 -1.668 
1.121 1.459 -1.668 
1.121 1.459 -1.668 
1.121 1.459 -1.668 
1.121 1.459 -1.668 
1.121 1.459 -1.668 
1.121 1.459 -1.668 
1.121 1.459 -1.668 
1.121 1.459 -1.668 
1.121 1.459 -1.668 
1.121 1.459 -1.668 
1.121 1.459 -1.668 
1.121 1.459 -1.668 
1.121 1.459 -1.668 
1.121 1.459 -1.668 
1.121 1.459 -1.668 
1.121 1.459 -1.668 
1.121 1.459 -1.668 
1.121 1.459 -1.668 
1.121 1.459 -1.668 
1.121 1.459 -1.668 
1.121 1.459 -1.668 
1.121 1.459 -1.668 
1.121 1.459 -1.668 
1.121 1.459 -1.668 
1.121 1.459 -1.668 
1.121 1.459 -1.668 
1.121 1.459 -1.668 
1.121 1.459 -1.668 
1.121 1.459 -1.668 
1.121 1.459 -1.668 
1.121 1.459 -1.668 
1.121 1.459 -1.668 
1.121 1.459 -1.668 
1.121 1.459 -1.668 
1.121 1.459 -1.668 
1.121 1.459 -1.668 
1.121 1.459 -1.668 
1.121 1.459 -1.668 
1.121 1.459 -1.668 
1.121 1.459 -1.668 
1.121 1.459 -1.668 
1.121 1.459 -1.668 
1.121 1.459 -1.668 
1.121 1.459 -1.668 
1.121 1.459 -1.668 
1.121 1.459 -1.668 
1.121 1.459 -1.668 
1.121 1.459 -1.668 
1.121 1.459 -1.668 
1.121 1.459 -1.668 
1.121 1.459 -1.668 
1.121 1.459 -1.668 
1.121 1.459 -1.668 
1.121 1.459 -1.668 
1.121 1.459 -1.668 
1.121 1.459 -1.668 
1.121 1.459 -1.668 
1.121 1.459 -1.668 
1.121 1.459 -1.668 
1.121 1.459 -1.668 
1.121 1.459 -1.668 
1.121 1.459 -1.668 
1.121 1.459 -1.668 
1.121 1.459 -1.668 
1.121 1.459 -1.668 
1.121 1.459 -1.668 
1.121 1.459 -1.668 
1.121 1.459 -1.668 
1.121 1.459 -1.668 
1.121 1.459 -1.668 
1.121 1.459 -1.668 
1.121 1.459 -1.668 
1.121 1.459 -1.668 
1.121 1.459 -1.668 
1.121 1.459 -1.668 
1.121 1.459 -1.668 
1.121 1.459 -1.668 
1.121 1.459 -1.668 
1.121 1.459 -1.668 
1.121 1.459 -1.668 
1.121 1.459 -1.668 
1.121 1.459 -1.668 
1.121 1.459 -1.668 
1.121 1.459 -1.668 
1.121 1.459 -1.668 
1.121 1.459 -1.668 
1.121 1.459 -1.668 
1.121 1.459 -1.668 
1.121 1.459 -1.668 
1.121 1.459 -1.668 
1.121 1.459 -1.668 
1.121 1.459 -1.668 
1.121 1.459 -1.668 
1.121 1.459 -1.668 
1.121 1.459 -1.668 
1.121 1.459 -1.668 
1.121 1.459 -1.668 
1.121 1.459 -1.668 
1.121 1.459 -1.668 
1.121 1.459 -1.668 
1.121 1.459 -1.668 
1.121 1.459 -1.668 
1.121 1.459 -1.668 
1.121 1.459 -1.668 
1.121 1.459 -1.668 
1.121 1.459 -1.668 
1.121 1.459 -1.668 
1.121 1.459 -1.668 
1.121 1.459 -1.668 
1.121 1.459 -1.668 
1.121 1.459 -1.668 
1.121 1.459 -1.668 
1.121 1.459 -1.668 
1.121 1.459 -1.668 
1.121 1.459 -1.668 
1.121 1.459 -1.668 
1.121 1.459 -1.668 
1.121 1.459 -1.668 
1.121 1.459 -1.668 
1.121 1.459 -1.668 
1.121 1.459 -1.668 
1.121 1.459 -1.668 
1.121 1.459 -1.668 
1.121 1.459 -1.668 
1.121 1.459 -1.668 
1.121 1.459 -1.668 
1.121 1.459 -1.668 
1.121 1.459 -1.668 
1.121 1.459 -1.668 
1.121 1.459 -1.668 
1.121 1.459 -1.668 
1.121 1.459 -1.668 
1.121 1.459 -1.668 
1.121 1.459 -1.668 
1.121 1.459 -1.668 
1.121 1.459 -1.668 
1.121 1.459 -1.668 
1.121 1.459 -1.668 
1.121 1.459 -1.668 
1.121 1.459 -1.668 
1.121 1.459 -1.668 
1.121 1.459 -1.668 
1.121 1.459 -1.668 
1.121 1.459 -1.668 
1.121 1.459 -1.668 
1.121 1.459 -1.668 
1.121 1.459 -1.668 
1.121 1.459 -1.668 
1.121 1.459 -1.668 
1.121 1.459 -1.668 
1.121 1.459 -1.668 
1.121 1.459 -1.668 
1.121 1.459 -1.668 
1.121 1.459 -1.668 
1.121 1.459 -1.668 
1.121 1.459 -1.668 
1.121 1.459 -1.668 
1.121 1.459 -1.668 
1.121 1.459 -1.668 
1.121 1.459 -1.668 
1.121 1.459 -1.668 
1.121 1.459 -1.668 
1.121 1.459 -1.668 
1.121 1.459 -1.668 
1.121 1.459 -1.668 
1.121 1.459 -1.668 
1.121 1.459 -1.668 
1.121 1.459 -1.668 
1.121 1.459 -1.668 
1.121 1.459 -1.668 
1.121 1.459 -1.668 
1.121 1.459 -1.668 
1.121 1.459 -1.668 
1.121 1.459 -1.668 
1.121 1.459 -1.668 
1.121 1.459 -1.668 
1.121 1.459 -1.668 
1.121 1.459 -1.668 
1.121 1.459 -1.668 
1.121 1.459 -1.668 
1.121 1.459 -1.668 
1.121 1.459 -1.668 
1.121 1.459 -1.668 
1.121 1.459 -1.668 
1.121 1.459 -1.668 
1.121 1.459 -1.668 
1.121 1.459 -1.668 
1.121 1.459 -1.668 
1.121 1.459 -1.668 
1.121 1.459 -1.668 
1.121 1.459 -1.668 
1.121 1.459 -1.668 
1.121 1.459 -1.668 
1.121 1.459 -1.668 
1.121 1.459 -1.668 
1.121 1.459 -1.668 
1.121 1.459 -1.668 
1.121 1.459 -1.668 
1.121 1.459 -1.668 
1.121 1.459 -1.668 
1.121 1.459 -1.668 
1.121 1.459 -1.668 
1.121 1.459 -1.668 
1.121 1.459 -1.668 
1.121 1.459 -1.668 
1.121 1.459 -1.668 
1.121 1.459 -1.668 
1.121 1.459 -1.668 
1.121 1.459 -1.668 
1.121 1.459 -1.668 
1.121 1.459 -1.668 
1.121 1.459 -1.668 
1.121 1.459 -1.668 
1.121 1.459 -1.668 
1.121 1.459 -1.668 
1.121 1.459 -1.668 
1.121 1.459 -1.668 
1.121 1.459 -1.668 
1.121 1.459 -1.668 
1.121 1.459 -1.668 
1.121 1.459 -1.668 
1.121 1.459 -1.668 
1.121 1.459 -1.668 
1.121 1.459 -1.668 
1.121 1.459 -1.668 
1.121 1.459 -1.668 
1.121 1.459 -1.668 
1.121 1.459 -1.668 
1.121 1.459 -1.668 
1.121 1.459 -1.668 
1.121 1.459 -1.668 
1.121 1.459 -1.668 
1.121 1.459 -1.668 
1.121 1.459 -1.668 
1.121 1.459 -1.668 
1.121 1.459 -1.668 
1.121 1.459 -1.668 
1.121 1.459 -1.668 
1.121 1.459 -1.668 
1.121 1.459 -1.668 
1.121 1.459 -1.668 
1.121 1.459 -1.668 
1.121 1.459 -1.668 
1.121 1.459 -1.668 
1.121 1.459 -1.668 
1.121 1.459 -1.668 
1.121 1.459 -1.668 
1.121 1.459 -1.668 
1.121 1.459 -1.668 
1.121 1.459 -1.668 
1.121 1.459 -1.668 
1.121 1.459 -1.668 
1.121 1.459 -1.668 
1.121 1.459 -1.668 
1.121 1.459 -1.668 
1.121 1.459 -1.668 
1.121 1.459 -1.668 
1.121 1.459 -1.668 
1.121 1.459 -1.668 
1.121 1.459 -1.668 
1.121 1.459 -1.668 
1.121 1.459 -1.668 
1.121 1.459 -1.668 
1.121 1.459 -1.668 
1.121 1.459 -1.668 
1.121 1.459 -1.668 
1.121 1.459 -1.668 
1.121 1.459 -1.668 
1.121 1.459 -1.668 
1.121 1.459 -1.668 
1.121 1.459 -1.668 
1.121 1.459 -1.668 
1.121 1.459 -1.668 
1.121 1.459 -1.668 
1.121 1.459 -1.668 
1.121 1.459 -1.668 
1.121 1.459 -1.668 
1.121 1.459 -1.668 
1.121 1.459 -1.668 
1.121 1.459 -1.668 
1.121 1.459 -1.668 
1.121 1.459 -1.668 
1.121 1.459 -1.668 
1.121 1.459 -1.668 
1.121 1.459 -1.668 
1.121 1.459 -1.668 
1.121 1.459 -1.668 
1.121 1.459 -1.668 
1.121 1.459 -1.668 
1.121 1.459 -1.668 
1.121 1.459 -1.668 
1.121 1.459 -1.668 
1.121 1.459 -1.668 
1.121 1.459 -1.668 
1.121 1.459 -1.668 
1.121 1.459 -1.668 
1.121 1.459 -1.668 
1.121 1.459 -1.668 
1.121 1.459 -1.668 
1.121 1.459 -1.668 
1.121 1.459 -1.668 
1.121 1.459 -1.668 
1.121 1.459 -1.668 
1.121 1.459 -1.668 
1.121 1.459 -1.668 
1.121 1.459 -1.668 
1.121 1.459 -1.668 
1.121 1.459 -1.668 
1.121 1.459 -1.668 
1.121 1.459 -1.668 
1.121 1.459 -1.668 
1.121 1.459 -1.668 
1.121 1.459 -1.668 
1.121 1.459 -1.668 
1.121 1.459 -1.668 
1.121 1.459 -1.668 
1.121 1.459 -1.668 
1.121 1.459 -1.668 
1.121 1.459 -1.668 
1.121 1.459 -1.668 
1.121 1.459 -1.668 
1.121 1.459 -1.668 
1.121 1.459 -1.668 
1.121 1.459 -1.668 
1.121 1.459 -1.668 
1.121 1.459 -1.668 
1.121 1.459 -1.668 
1.121 1.459 -1.668 
1.121 1.459 -1.668 
1.121 1.459 -1.668 
1.121 1.459 -1.668 
1.121 1.459 -1.668 
1.121 1.459 -1.668 
1.121 1.459 -1.668 
1.121 1.459 -1.668 
1.121 1.459 -1.668 
1.121 1.459 -1.668 
1.121 1.459 -1.668 
1.121 1.459 -1.668 
1.121 1.459 -1.668 
1.121 1.459 -1.668 
1.121 1.459 -1.668 
1.121 1.459 -1.668 
1.121 1.459 -1.668 
1.121 1.459 -1.668 
1.121 1.459 -1.668 
1.121 1.459 -1.668 
1.121 1.459 -1.668 
1.121 1.459 -1.668 
1.121 1.459 -1.668 
1.121 1.459 -1.668 
1.121 1.459 -1.668 
1.121 1.459 -1.668 
1.121 1.459 -1.668 
1.121 1.459 -1.668 
1.121 1.459 -1.668 
1.121 1.459 -1.668 
1.121 1.459 -1.668 
1.121 1.459 -1.668 
1.121 1.459 -1.668 
1.121 1.459 -1.668 
1.121 1.459 -1.668 
1.121 1.459 -1.668 
1.121 1.459 -1.668 
1.121 1.459 -1.668 
1.121 1.459 -1.668 
1.121 1.459 -1.668 
1.121 1.459 -1.668 
1.121 1.459 -1.668 
1.121 1.459 -1.668 
1.121 1.459 -1.668 
1.121 1.459 -1.668 
1.121 1.459 -1.668 
1.121 1.459 -1.668 
1.121 1.459 -1.668 
1.121 1.459 -1.668 
1.121 1.459 -1.668 
1.121 1.459 -1.668 
1.121 1.459 -1.668 
1.121 1.459 -1.668 
1.121 1.459 -1.668 
1.121 1.459 -1.668 
1.121 1.459 -1.668 
1.121 1.459 -1.668 
1.121 1.459 -1.668 
1.121 1.459 -1.668 
1.121 1.459 -1.668 
1.121 1.459 -1.668 
1.121 1.459 -1.668 
1.121 1.459 -1.668 
1.121 1.459 -1.668 
1.121 1.459 -1.668 
