2.528 -0.533 -0.067 
2.528 -0.533 -0.067 
2.528 -0.533 -0.067 
2.528 -0.533 -0.067 
2.528 -0.533 -0.067 
2.528 -0.533 -0.067 
2.528 -0.533 -0.067 
2.528 -0.533 -0.067 
2.528 -0.533 -0.067 
2.528 -0.533 -0.067 
2.528 -0.533 -0.067 
2.528 -0.533 -0.067 
2.528 -0.533 -0.067 
2.528 -0.533 -0.067 
2.528 -0.533 -0.067 
2.528 -0.533 -0.067 
2.528 -0.533 -0.067 
2.528 -0.533 -0.067 
2.528 -0.533 -0.067 
2.528 -0.533 -0.067 
2.528 -0.533 -0.067 
2.528 -0.533 -0.067 
2.528 -0.533 -0.067 
2.528 -0.533 -0.067 
2.528 -0.533 -0.067 
2.528 -0.533 -0.067 
2.528 -0.533 -0.067 
2.528 -0.533 -0.067 
2.528 -0.533 -0.067 
2.528 -0.533 -0.067 
2.528 -0.533 -0.067 
2.528 -0.533 -0.067 
2.528 -0.533 -0.067 
2.528 -0.533 -0.067 
2.528 -0.533 -0.067 
2.528 -0.533 -0.067 
2.528 -0.533 -0.067 
2.528 -0.533 -0.067 
2.528 -0.533 -0.067 
2.528 -0.533 -0.067 
2.528 -0.533 -0.067 
2.528 -0.533 -0.067 
2.528 -0.533 -0.067 
2.528 -0.533 -0.067 
2.528 -0.533 -0.067 
2.528 -0.533 -0.067 
2.528 -0.533 -0.067 
2.528 -0.533 -0.067 
2.528 -0.533 -0.067 
2.528 -0.533 -0.067 
2.528 -0.533 -0.067 
2.528 -0.533 -0.067 
2.528 -0.533 -0.067 
2.528 -0.533 -0.067 
2.528 -0.533 -0.067 
2.528 -0.533 -0.067 
2.528 -0.533 -0.067 
2.528 -0.533 -0.067 
2.528 -0.533 -0.067 
2.528 -0.533 -0.067 
2.528 -0.533 -0.067 
2.528 -0.533 -0.067 
2.528 -0.533 -0.067 
2.528 -0.533 -0.067 
2.528 -0.533 -0.067 
2.528 -0.533 -0.067 
2.528 -0.533 -0.067 
2.528 -0.533 -0.067 
2.528 -0.533 -0.067 
2.528 -0.533 -0.067 
2.528 -0.533 -0.067 
2.528 -0.533 -0.067 
2.528 -0.533 -0.067 
2.528 -0.533 -0.067 
2.528 -0.533 -0.067 
2.528 -0.533 -0.067 
2.528 -0.533 -0.067 
2.528 -0.533 -0.067 
2.528 -0.533 -0.067 
2.528 -0.533 -0.067 
2.528 -0.533 -0.067 
2.528 -0.533 -0.067 
2.528 -0.533 -0.067 
2.528 -0.533 -0.067 
2.528 -0.533 -0.067 
2.528 -0.533 -0.067 
2.528 -0.533 -0.067 
2.528 -0.533 -0.067 
2.528 -0.533 -0.067 
2.528 -0.533 -0.067 
2.528 -0.533 -0.067 
2.528 -0.533 -0.067 
2.528 -0.533 -0.067 
2.528 -0.533 -0.067 
2.528 -0.533 -0.067 
2.528 -0.533 -0.067 
2.528 -0.533 -0.067 
2.528 -0.533 -0.067 
2.528 -0.533 -0.067 
2.528 -0.533 -0.067 
2.528 -0.533 -0.067 
2.528 -0.533 -0.067 
2.528 -0.533 -0.067 
2.528 -0.533 -0.067 
2.528 -0.533 -0.067 
2.528 -0.533 -0.067 
2.528 -0.533 -0.067 
2.528 -0.533 -0.067 
2.528 -0.533 -0.067 
2.528 -0.533 -0.067 
2.528 -0.533 -0.067 
2.528 -0.533 -0.067 
2.528 -0.533 -0.067 
2.528 -0.533 -0.067 
2.528 -0.533 -0.067 
2.528 -0.533 -0.067 
2.528 -0.533 -0.067 
2.528 -0.533 -0.067 
2.528 -0.533 -0.067 
2.528 -0.533 -0.067 
2.528 -0.533 -0.067 
2.528 -0.533 -0.067 
2.528 -0.533 -0.067 
2.528 -0.533 -0.067 
2.528 -0.533 -0.067 
2.528 -0.533 -0.067 
2.528 -0.533 -0.067 
2.526 -0.533 -0.066 
2.524 -0.533 -0.064 
2.521 -0.532 -0.062 
2.517 -0.532 -0.059 
2.512 -0.532 -0.056 
2.506 -0.532 -0.053 
2.499 -0.531 -0.050 
2.493 -0.531 -0.046 
2.486 -0.531 -0.043 
2.479 -0.530 -0.040 
2.473 -0.530 -0.038 
2.466 -0.530 -0.036 
2.458 -0.530 -0.037 
2.451 -0.529 -0.039 
2.444 -0.529 -0.041 
2.436 -0.529 -0.043 
2.429 -0.528 -0.045 
2.422 -0.528 -0.047 
2.414 -0.528 -0.049 
2.407 -0.527 -0.052 
2.400 -0.527 -0.053 
2.392 -0.527 -0.055 
2.385 -0.526 -0.056 
2.378 -0.526 -0.055 
2.371 -0.525 -0.054 
2.364 -0.525 -0.055 
2.356 -0.525 -0.056 
2.349 -0.524 -0.057 
2.342 -0.524 -0.058 
2.334 -0.523 -0.059 
2.327 -0.523 -0.060 
2.320 -0.522 -0.061 
2.313 -0.522 -0.063 
2.305 -0.522 -0.066 
2.298 -0.521 -0.069 
2.291 -0.521 -0.069 
2.283 -0.520 -0.067 
2.276 -0.520 -0.064 
2.269 -0.519 -0.061 
2.262 -0.519 -0.060 
2.255 -0.518 -0.060 
2.247 -0.518 -0.060 
2.240 -0.517 -0.060 
2.233 -0.517 -0.060 
2.225 -0.516 -0.060 
2.218 -0.516 -0.059 
2.211 -0.516 -0.059 
2.203 -0.515 -0.058 
2.196 -0.515 -0.058 
2.189 -0.514 -0.057 
2.181 -0.514 -0.056 
2.174 -0.514 -0.052 
2.167 -0.513 -0.050 
2.160 -0.513 -0.051 
2.153 -0.512 -0.055 
2.145 -0.512 -0.059 
2.138 -0.512 -0.061 
2.131 -0.511 -0.060 
2.123 -0.511 -0.059 
2.116 -0.510 -0.058 
2.109 -0.510 -0.056 
2.101 -0.509 -0.055 
2.094 -0.509 -0.058 
2.087 -0.509 -0.062 
2.080 -0.508 -0.066 
2.073 -0.508 -0.068 
2.066 -0.507 -0.072 
2.058 -0.507 -0.079 
2.051 -0.506 -0.086 
2.044 -0.505 -0.091 
2.037 -0.505 -0.096 
2.029 -0.504 -0.101 
2.022 -0.503 -0.105 
2.015 -0.502 -0.108 
2.008 -0.502 -0.112 
2.000 -0.501 -0.115 
1.993 -0.500 -0.119 
1.986 -0.499 -0.121 
1.978 -0.498 -0.121 
1.971 -0.497 -0.122 
1.964 -0.496 -0.124 
1.957 -0.496 -0.131 
1.950 -0.495 -0.136 
1.943 -0.494 -0.143 
1.935 -0.492 -0.146 
1.928 -0.491 -0.147 
1.921 -0.490 -0.148 
1.914 -0.489 -0.148 
1.908 -0.488 -0.148 
1.901 -0.487 -0.149 
1.894 -0.486 -0.149 
1.887 -0.485 -0.149 
1.881 -0.484 -0.149 
1.874 -0.483 -0.149 
1.867 -0.482 -0.151 
1.861 -0.481 -0.151 
1.854 -0.480 -0.153 
1.847 -0.479 -0.160 
1.841 -0.478 -0.160 
1.834 -0.477 -0.156 
1.827 -0.476 -0.154 
1.820 -0.475 -0.150 
1.812 -0.474 -0.146 
1.805 -0.473 -0.143 
1.799 -0.472 -0.140 
1.792 -0.471 -0.139 
1.785 -0.470 -0.137 
1.778 -0.469 -0.134 
1.771 -0.468 -0.132 
1.765 -0.467 -0.133 
1.757 -0.466 -0.137 
1.750 -0.465 -0.141 
1.743 -0.464 -0.146 
1.736 -0.463 -0.149 
1.729 -0.462 -0.157 
1.722 -0.461 -0.168 
1.715 -0.460 -0.172 
1.708 -0.458 -0.173 
1.700 -0.457 -0.175 
1.693 -0.456 -0.175 
1.686 -0.455 -0.174 
1.679 -0.453 -0.173 
1.672 -0.452 -0.176 
1.665 -0.451 -0.181 
1.658 -0.450 -0.186 
1.651 -0.448 -0.185 
1.644 -0.447 -0.182 
1.637 -0.446 -0.182 
1.630 -0.444 -0.174 
1.623 -0.443 -0.163 
1.616 -0.442 -0.156 
1.609 -0.441 -0.156 
1.602 -0.440 -0.158 
1.595 -0.439 -0.160 
1.588 -0.438 -0.156 
1.581 -0.437 -0.150 
1.574 -0.436 -0.139 
1.567 -0.435 -0.127 
1.560 -0.434 -0.117 
1.553 -0.433 -0.106 
1.546 -0.432 -0.093 
1.539 -0.432 -0.081 
1.533 -0.431 -0.064 
1.526 -0.431 -0.050 
1.518 -0.430 -0.040 
1.511 -0.430 -0.031 
1.504 -0.430 -0.018 
1.496 -0.430 -0.005 
1.489 -0.430 0.008 
1.482 -0.430 0.024 
1.474 -0.430 0.042 
1.467 -0.431 0.059 
1.460 -0.431 0.074 
1.453 -0.431 0.087 
1.446 -0.432 0.097 
1.438 -0.433 0.107 
1.431 -0.434 0.117 
1.424 -0.434 0.127 
1.417 -0.435 0.138 
1.410 -0.436 0.146 
1.403 -0.437 0.152 
1.395 -0.439 0.156 
1.388 -0.440 0.160 
1.381 -0.441 0.164 
1.374 -0.442 0.166 
1.366 -0.443 0.166 
1.359 -0.444 0.167 
1.353 -0.446 0.167 
1.345 -0.447 0.165 
1.339 -0.448 0.160 
1.331 -0.449 0.153 
1.324 -0.450 0.145 
1.317 -0.451 0.138 
1.310 -0.452 0.131 
1.302 -0.453 0.125 
1.295 -0.454 0.118 
1.288 -0.455 0.112 
1.281 -0.456 0.106 
1.274 -0.456 0.100 
1.267 -0.457 0.094 
1.259 -0.458 0.089 
1.253 -0.458 0.085 
1.246 -0.459 0.082 
1.238 -0.459 0.077 
1.231 -0.460 0.072 
1.224 -0.461 0.066 
1.216 -0.461 0.061 
1.209 -0.461 0.057 
1.202 -0.462 0.054 
1.195 -0.462 0.047 
1.188 -0.462 0.036 
1.181 -0.463 0.026 
1.173 -0.463 0.015 
1.166 -0.463 0.004 
1.159 -0.463 -0.005 
1.152 -0.463 -0.013 
1.145 -0.463 -0.023 
1.137 -0.463 -0.028 
1.130 -0.463 -0.028 
1.123 -0.462 -0.029 
1.116 -0.462 -0.029 
1.108 -0.462 -0.030 
1.101 -0.462 -0.030 
1.094 -0.461 -0.028 
1.087 -0.461 -0.028 
1.080 -0.461 -0.029 
1.073 -0.461 -0.024 
1.066 -0.461 -0.020 
1.059 -0.461 -0.017 
1.052 -0.460 -0.016 
1.046 -0.460 -0.015 
1.039 -0.460 -0.012 
1.032 -0.460 -0.008 
1.025 -0.460 -0.007 
1.017 -0.460 -0.008 
1.010 -0.460 -0.009 
1.003 -0.460 -0.010 
0.995 -0.460 -0.011 
0.988 -0.460 -0.012 
0.981 -0.460 -0.013 
0.973 -0.460 -0.013 
0.966 -0.459 -0.014 
0.959 -0.459 -0.015 
0.952 -0.459 -0.014 
0.944 -0.459 -0.013 
0.937 -0.459 -0.013 
0.930 -0.459 -0.013 
0.923 -0.459 -0.013 
0.915 -0.459 -0.014 
0.908 -0.459 -0.014 
0.901 -0.459 -0.015 
0.893 -0.458 -0.015 
0.886 -0.458 -0.016 
0.879 -0.458 -0.016 
0.871 -0.458 -0.016 
0.864 -0.458 -0.017 
0.857 -0.458 -0.017 
0.849 -0.458 -0.016 
0.842 -0.458 -0.015 
0.835 -0.458 -0.014 
0.827 -0.457 -0.014 
0.820 -0.457 -0.013 
0.814 -0.457 -0.014 
0.806 -0.457 -0.019 
0.799 -0.457 -0.017 
0.792 -0.457 -0.016 
0.785 -0.457 -0.016 
0.778 -0.457 -0.016 
0.771 -0.457 -0.019 
0.764 -0.456 -0.024 
0.757 -0.456 -0.030 
0.750 -0.456 -0.034 
0.743 -0.456 -0.037 
0.736 -0.455 -0.042 
0.728 -0.455 -0.047 
0.721 -0.455 -0.052 
0.714 -0.454 -0.057 
0.706 -0.454 -0.062 
0.699 -0.453 -0.067 
0.692 -0.453 -0.071 
0.685 -0.452 -0.076 
0.677 -0.452 -0.082 
0.670 -0.451 -0.086 
0.663 -0.451 -0.090 
0.655 -0.450 -0.093 
0.648 -0.449 -0.095 
0.641 -0.449 -0.092 
0.634 -0.448 -0.086 
0.627 -0.447 -0.083 
0.620 -0.447 -0.074 
0.613 -0.446 -0.061 
0.606 -0.446 -0.048 
0.600 -0.446 -0.039 
0.593 -0.446 -0.028 
0.587 -0.445 -0.016 
0.580 -0.445 -0.004 
0.573 -0.445 0.006 
0.566 -0.445 0.016 
0.559 -0.446 0.024 
0.552 -0.446 0.033 
0.545 -0.446 0.043 
0.539 -0.446 0.052 
0.533 -0.446 0.058 
0.527 -0.447 0.058 
0.521 -0.447 0.058 
0.515 -0.447 0.065 
0.510 -0.448 0.079 
0.504 -0.448 0.093 
0.497 -0.449 0.105 
0.491 -0.450 0.116 
0.486 -0.450 0.126 
0.481 -0.451 0.138 
0.477 -0.452 0.152 
0.472 -0.452 0.167 
0.466 -0.453 0.183 
0.462 -0.454 0.198 
0.457 -0.455 0.213 
0.452 -0.456 0.230 
0.449 -0.457 0.251 
0.445 -0.458 0.271 
0.441 -0.459 0.292 
0.438 -0.460 0.308 
0.435 -0.461 0.321 
0.433 -0.462 0.333 
0.431 -0.463 0.343 
0.428 -0.464 0.356 
0.425 -0.465 0.368 
0.422 -0.466 0.380 
0.418 -0.468 0.393 
0.414 -0.469 0.407 
0.411 -0.471 0.420 
0.408 -0.472 0.430 
0.405 -0.473 0.435 
0.403 -0.474 0.435 
0.402 -0.475 0.431 
0.401 -0.475 0.426 
0.401 -0.475 0.427 
0.401 -0.475 0.434 
0.401 -0.475 0.446 
0.399 -0.476 0.458 
0.398 -0.477 0.470 
0.397 -0.477 0.483 
0.397 -0.477 0.493 
0.397 -0.477 0.501 
0.398 -0.477 0.507 
0.399 -0.476 0.513 
0.400 -0.475 0.522 
0.402 -0.474 0.534 
0.405 -0.473 0.549 
0.408 -0.471 0.566 
0.412 -0.468 0.585 
0.416 -0.466 0.606 
0.420 -0.463 0.626 
0.425 -0.459 0.645 
0.430 -0.455 0.659 
0.434 -0.451 0.673 
0.439 -0.447 0.687 
0.444 -0.443 0.703 
0.449 -0.439 0.721 
0.453 -0.435 0.740 
0.458 -0.431 0.760 
0.462 -0.427 0.782 
0.466 -0.423 0.812 
0.471 -0.418 0.844 
0.475 -0.413 0.877 
0.479 -0.408 0.910 
0.483 -0.403 0.940 
0.487 -0.397 0.967 
0.491 -0.392 0.990 
0.494 -0.386 1.011 
0.498 -0.380 1.032 
0.502 -0.374 1.052 
0.505 -0.367 1.073 
0.508 -0.361 1.092 
0.512 -0.355 1.112 
0.515 -0.348 1.131 
0.518 -0.342 1.147 
0.521 -0.335 1.161 
0.523 -0.329 1.173 
0.526 -0.322 1.183 
0.529 -0.316 1.193 
0.531 -0.309 1.206 
0.534 -0.303 1.214 
0.536 -0.297 1.216 
0.538 -0.291 1.212 
0.540 -0.286 1.211 
0.542 -0.282 1.213 
0.543 -0.277 1.219 
0.545 -0.273 1.227 
0.546 -0.270 1.238 
0.547 -0.266 1.248 
0.548 -0.263 1.259 
0.549 -0.260 1.271 
0.550 -0.258 1.284 
0.550 -0.257 1.299 
0.550 -0.256 1.315 
0.550 -0.256 1.331 
0.550 -0.257 1.344 
0.550 -0.258 1.353 
0.549 -0.259 1.357 
0.549 -0.261 1.355 
0.549 -0.263 1.349 
0.548 -0.266 1.340 
0.547 -0.269 1.329 
0.546 -0.273 1.316 
0.545 -0.278 1.305 
0.543 -0.283 1.296 
0.542 -0.290 1.290 
0.540 -0.296 1.284 
0.538 -0.302 1.282 
0.536 -0.308 1.282 
0.534 -0.314 1.282 
0.532 -0.321 1.283 
0.530 -0.328 1.285 
0.528 -0.334 1.285 
0.526 -0.341 1.289 
0.524 -0.348 1.290 
0.522 -0.355 1.283 
0.520 -0.362 1.281 
0.518 -0.369 1.279 
0.516 -0.376 1.277 
0.514 -0.383 1.274 
0.512 -0.390 1.271 
0.510 -0.397 1.269 
0.508 -0.404 1.271 
0.505 -0.411 1.276 
0.503 -0.418 1.279 
0.501 -0.424 1.279 
0.499 -0.431 1.275 
0.497 -0.438 1.270 
0.495 -0.445 1.270 
0.493 -0.452 1.267 
0.491 -0.458 1.262 
0.489 -0.464 1.260 
0.487 -0.470 1.256 
0.485 -0.476 1.259 
0.483 -0.482 1.267 
0.481 -0.489 1.274 
0.479 -0.495 1.281 
0.477 -0.501 1.287 
0.476 -0.508 1.294 
0.474 -0.513 1.304 
0.472 -0.519 1.316 
0.471 -0.525 1.327 
0.469 -0.531 1.335 
0.468 -0.538 1.345 
0.467 -0.543 1.361 
0.466 -0.548 1.379 
0.465 -0.553 1.397 
0.464 -0.558 1.413 
0.463 -0.564 1.426 
0.462 -0.570 1.440 
0.462 -0.575 1.456 
0.461 -0.579 1.475 
0.461 -0.584 1.497 
0.460 -0.589 1.519 
0.460 -0.594 1.539 
0.460 -0.598 1.558 
0.460 -0.603 1.581 
0.460 -0.607 1.606 
0.460 -0.611 1.629 
0.461 -0.615 1.651 
0.461 -0.618 1.669 
0.461 -0.622 1.685 
0.462 -0.625 1.699 
0.462 -0.627 1.708 
0.462 -0.629 1.713 
0.462 -0.630 1.715 
0.462 -0.630 1.714 
0.462 -0.629 1.716 
0.462 -0.629 1.725 
0.462 -0.629 1.737 
0.462 -0.629 1.751 
0.462 -0.628 1.765 
0.462 -0.627 1.777 
0.461 -0.625 1.788 
0.461 -0.623 1.798 
0.460 -0.620 1.808 
0.459 -0.616 1.820 
0.458 -0.612 1.835 
0.457 -0.608 1.851 
0.456 -0.605 1.863 
0.455 -0.601 1.874 
0.454 -0.598 1.883 
0.453 -0.595 1.893 
0.452 -0.592 1.901 
0.451 -0.588 1.908 
0.450 -0.585 1.912 
0.448 -0.581 1.915 
0.447 -0.578 1.916 
0.445 -0.574 1.922 
0.444 -0.569 1.933 
0.442 -0.565 1.947 
0.440 -0.560 1.961 
0.438 -0.555 1.977 
0.435 -0.549 1.994 
0.433 -0.543 2.011 
0.429 -0.536 2.034 
0.426 -0.530 2.058 
0.423 -0.524 2.082 
0.419 -0.518 2.108 
0.416 -0.512 2.133 
0.412 -0.507 2.159 
0.408 -0.501 2.187 
0.405 -0.496 2.217 
0.401 -0.492 2.243 
0.398 -0.487 2.262 
0.395 -0.484 2.274 
0.392 -0.481 2.286 
0.389 -0.478 2.298 
0.387 -0.475 2.310 
0.384 -0.472 2.323 
0.381 -0.468 2.338 
0.377 -0.465 2.351 
0.373 -0.461 2.360 
0.369 -0.457 2.364 
0.365 -0.453 2.369 
0.361 -0.449 2.373 
0.356 -0.444 2.374 
0.351 -0.439 2.371 
0.346 -0.434 2.364 
0.342 -0.430 2.357 
0.337 -0.425 2.349 
0.333 -0.421 2.344 
0.328 -0.416 2.346 
0.323 -0.411 2.352 
0.318 -0.406 2.359 
0.313 -0.401 2.364 
0.308 -0.396 2.369 
0.303 -0.391 2.376 
0.298 -0.386 2.385 
0.293 -0.382 2.396 
0.288 -0.377 2.413 
0.283 -0.372 2.432 
0.277 -0.368 2.451 
0.272 -0.364 2.464 
0.267 -0.360 2.481 
0.262 -0.356 2.499 
0.258 -0.353 2.516 
0.253 -0.349 2.534 
0.248 -0.346 2.550 
0.243 -0.343 2.564 
0.238 -0.339 2.578 
0.232 -0.336 2.592 
0.228 -0.333 2.606 
0.223 -0.330 2.620 
0.218 -0.327 2.634 
0.213 -0.325 2.648 
0.208 -0.322 2.661 
0.203 -0.319 2.675 
0.198 -0.317 2.688 
0.193 -0.315 2.701 
0.189 -0.313 2.713 
0.184 -0.311 2.724 
0.180 -0.309 2.736 
0.175 -0.307 2.750 
0.171 -0.305 2.763 
0.168 -0.304 2.772 
0.164 -0.303 2.780 
0.161 -0.301 2.787 
0.157 -0.300 2.793 
0.154 -0.299 2.799 
0.151 -0.298 2.806 
0.147 -0.296 2.814 
0.143 -0.295 2.822 
0.139 -0.294 2.831 
0.135 -0.292 2.840 
0.131 -0.291 2.850 
0.128 -0.290 2.858 
0.124 -0.289 2.865 
0.120 -0.288 2.872 
0.117 -0.287 2.876 
0.114 -0.286 2.875 
0.111 -0.286 2.867 
0.109 -0.285 2.854 
0.108 -0.285 2.836 
0.107 -0.284 2.814 
0.106 -0.284 2.788 
0.106 -0.284 2.759 
0.107 -0.285 2.728 
0.109 -0.285 2.696 
0.111 -0.286 2.661 
0.114 -0.288 2.627 
0.117 -0.290 2.600 
0.120 -0.291 2.586 
0.122 -0.293 2.572 
0.125 -0.295 2.559 
0.128 -0.297 2.550 
0.132 -0.299 2.548 
0.135 -0.302 2.549 
0.139 -0.304 2.550 
0.143 -0.307 2.552 
0.146 -0.309 2.555 
0.150 -0.311 2.563 
0.153 -0.313 2.569 
0.156 -0.316 2.573 
0.160 -0.318 2.581 
0.163 -0.320 2.590 
0.167 -0.322 2.594 
0.171 -0.324 2.598 
0.174 -0.326 2.607 
0.176 -0.328 2.623 
0.179 -0.329 2.643 
0.181 -0.330 2.667 
0.182 -0.331 2.696 
0.183 -0.331 2.729 
0.183 -0.331 2.765 
0.183 -0.331 2.802 
0.182 -0.331 2.842 
0.180 -0.331 2.880 
0.178 -0.330 2.915 
0.176 -0.330 2.947 
0.173 -0.329 2.969 
0.170 -0.329 2.983 
0.167 -0.328 2.992 
0.163 -0.327 3.001 
0.159 -0.327 3.008 
0.154 -0.326 3.011 
0.149 -0.326 3.011 
0.143 -0.325 3.008 
0.136 -0.324 3.005 
0.129 -0.323 3.002 
0.123 -0.322 3.004 
0.116 -0.321 3.007 
0.109 -0.320 3.009 
0.102 -0.319 3.010 
0.096 -0.318 3.008 
0.089 -0.317 3.003 
0.083 -0.317 3.001 
0.077 -0.316 3.002 
0.072 -0.315 2.999 
0.066 -0.314 2.992 
0.060 -0.313 2.982 
0.053 -0.312 2.973 
0.046 -0.311 2.968 
0.039 -0.310 2.966 
0.032 -0.308 2.964 
0.025 -0.307 2.964 
0.017 -0.306 2.964 
0.011 -0.305 2.960 
0.004 -0.303 2.951 
-0.003 -0.302 2.940 
-0.010 -0.300 2.927 
-0.017 -0.299 2.913 
-0.024 -0.297 2.897 
-0.031 -0.295 2.882 
-0.038 -0.294 2.865 
-0.045 -0.292 2.847 
-0.051 -0.290 2.829 
-0.057 -0.287 2.814 
-0.064 -0.285 2.803 
-0.071 -0.283 2.792 
-0.078 -0.280 2.779 
-0.084 -0.278 2.769 
-0.090 -0.275 2.759 
-0.096 -0.273 2.748 
-0.102 -0.270 2.739 
-0.108 -0.268 2.730 
-0.114 -0.265 2.723 
-0.118 -0.263 2.718 
-0.123 -0.261 2.718 
-0.126 -0.260 2.714 
-0.131 -0.258 2.701 
-0.135 -0.256 2.680 
-0.139 -0.253 2.654 
-0.144 -0.251 2.626 
-0.149 -0.248 2.599 
-0.153 -0.245 2.575 
-0.158 -0.242 2.553 
-0.163 -0.239 2.532 
-0.168 -0.235 2.511 
-0.173 -0.231 2.490 
-0.178 -0.227 2.470 
-0.184 -0.223 2.452 
-0.189 -0.218 2.434 
-0.194 -0.214 2.417 
-0.199 -0.209 2.401 
-0.204 -0.204 2.385 
-0.210 -0.199 2.370 
-0.215 -0.194 2.357 
-0.220 -0.189 2.344 
-0.225 -0.184 2.331 
-0.229 -0.179 2.319 
-0.234 -0.174 2.308 
-0.239 -0.169 2.296 
-0.243 -0.164 2.285 
-0.248 -0.158 2.276 
-0.253 -0.153 2.268 
-0.257 -0.147 2.260 
-0.262 -0.141 2.251 
-0.266 -0.136 2.242 
-0.271 -0.130 2.233 
-0.275 -0.124 2.225 
-0.279 -0.119 2.217 
-0.284 -0.113 2.209 
-0.288 -0.107 2.199 
-0.292 -0.101 2.190 
-0.296 -0.095 2.180 
-0.301 -0.089 2.168 
-0.305 -0.084 2.160 
-0.308 -0.078 2.149 
-0.312 -0.072 2.138 
-0.315 -0.067 2.127 
-0.319 -0.061 2.118 
-0.323 -0.054 2.109 
-0.327 -0.048 2.103 
-0.330 -0.042 2.093 
-0.333 -0.037 2.084 
-0.337 -0.031 2.076 
-0.340 -0.025 2.065 
-0.343 -0.019 2.054 
-0.346 -0.012 2.047 
-0.350 -0.006 2.041 
-0.353 0.001 2.035 
-0.356 0.007 2.029 
-0.359 0.014 2.022 
-0.363 0.020 2.015 
-0.366 0.027 2.008 
-0.369 0.033 2.002 
-0.372 0.040 1.997 
-0.375 0.046 1.992 
-0.377 0.053 1.984 
-0.380 0.059 1.976 
-0.383 0.065 1.966 
-0.385 0.071 1.956 
-0.388 0.078 1.950 
-0.391 0.085 1.943 
-0.393 0.092 1.937 
-0.396 0.099 1.931 
-0.398 0.105 1.925 
-0.401 0.112 1.918 
-0.403 0.119 1.912 
-0.406 0.126 1.908 
-0.408 0.133 1.904 
-0.410 0.140 1.899 
-0.413 0.146 1.894 
-0.415 0.153 1.888 
-0.417 0.160 1.883 
-0.420 0.167 1.878 
-0.422 0.174 1.874 
-0.424 0.181 1.869 
-0.426 0.188 1.864 
-0.428 0.195 1.859 
-0.430 0.202 1.854 
-0.432 0.208 1.847 
-0.434 0.214 1.840 
-0.435 0.221 1.835 
-0.437 0.227 1.829 
-0.439 0.234 1.823 
-0.441 0.241 1.819 
-0.443 0.248 1.816 
-0.444 0.255 1.815 
-0.446 0.263 1.813 
-0.448 0.270 1.811 
-0.450 0.277 1.809 
-0.451 0.284 1.807 
-0.453 0.291 1.805 
-0.455 0.298 1.802 
-0.456 0.305 1.799 
-0.458 0.311 1.797 
-0.459 0.318 1.795 
-0.461 0.324 1.792 
-0.462 0.331 1.787 
-0.464 0.338 1.782 
-0.465 0.345 1.780 
-0.467 0.352 1.778 
-0.468 0.359 1.776 
-0.470 0.366 1.774 
-0.471 0.374 1.772 
-0.473 0.381 1.770 
-0.474 0.388 1.767 
-0.475 0.395 1.765 
-0.477 0.402 1.764 
-0.478 0.409 1.764 
-0.480 0.416 1.764 
-0.481 0.423 1.763 
-0.482 0.430 1.762 
-0.484 0.437 1.761 
-0.485 0.444 1.759 
-0.486 0.451 1.761 
-0.488 0.458 1.762 
-0.489 0.466 1.764 
-0.491 0.473 1.766 
-0.492 0.480 1.767 
-0.493 0.487 1.769 
-0.495 0.494 1.770 
-0.496 0.501 1.768 
-0.498 0.508 1.767 
-0.499 0.515 1.767 
-0.500 0.522 1.766 
-0.502 0.529 1.765 
-0.503 0.536 1.764 
-0.505 0.544 1.764 
-0.506 0.551 1.762 
-0.507 0.558 1.761 
-0.509 0.565 1.759 
-0.510 0.572 1.756 
-0.511 0.580 1.754 
-0.513 0.587 1.752 
-0.514 0.594 1.748 
-0.515 0.600 1.745 
-0.516 0.607 1.746 
-0.517 0.613 1.744 
-0.519 0.620 1.740 
-0.520 0.627 1.738 
-0.521 0.634 1.735 
-0.522 0.641 1.731 
-0.523 0.648 1.728 
-0.524 0.655 1.725 
-0.526 0.663 1.722 
-0.527 0.670 1.719 
-0.528 0.677 1.718 
-0.529 0.684 1.717 
-0.530 0.692 1.716 
-0.531 0.699 1.715 
-0.532 0.706 1.716 
-0.533 0.713 1.717 
-0.534 0.720 1.716 
-0.535 0.727 1.714 
-0.536 0.735 1.713 
-0.537 0.742 1.712 
-0.538 0.749 1.713 
-0.539 0.756 1.712 
-0.540 0.762 1.710 
-0.541 0.769 1.708 
-0.542 0.775 1.706 
-0.543 0.781 1.699 
-0.543 0.788 1.688 
-0.544 0.795 1.685 
-0.545 0.801 1.685 
-0.546 0.809 1.686 
-0.547 0.816 1.686 
-0.547 0.823 1.684 
-0.548 0.830 1.681 
-0.549 0.837 1.678 
-0.550 0.844 1.678 
-0.551 0.851 1.683 
-0.551 0.857 1.693 
-0.552 0.862 1.709 
-0.553 0.867 1.727 
-0.553 0.871 1.741 
-0.554 0.876 1.747 
-0.555 0.880 1.754 
-0.556 0.885 1.764 
-0.557 0.888 1.773 
-0.557 0.891 1.779 
-0.558 0.894 1.783 
-0.558 0.895 1.783 
-0.558 0.896 1.781 
-0.558 0.896 1.776 
-0.558 0.895 1.770 
-0.558 0.894 1.764 
-0.557 0.892 1.760 
-0.557 0.889 1.756 
-0.556 0.885 1.754 
-0.555 0.882 1.756 
-0.555 0.877 1.764 
-0.554 0.872 1.778 
-0.552 0.867 1.795 
-0.551 0.862 1.812 
-0.550 0.856 1.825 
-0.548 0.850 1.831 
-0.546 0.844 1.836 
-0.545 0.838 1.850 
-0.543 0.833 1.871 
-0.542 0.828 1.892 
-0.540 0.824 1.908 
-0.539 0.820 1.923 
-0.537 0.816 1.937 
-0.535 0.810 1.951 
-0.533 0.805 1.963 
-0.531 0.800 1.974 
-0.529 0.796 1.988 
-0.528 0.792 2.006 
-0.526 0.789 2.025 
-0.524 0.785 2.045 
-0.522 0.781 2.063 
-0.520 0.777 2.083 
-0.518 0.774 2.106 
-0.516 0.770 2.129 
-0.514 0.767 2.152 
-0.512 0.765 2.172 
-0.511 0.762 2.187 
-0.509 0.761 2.196 
-0.509 0.760 2.200 
-0.508 0.759 2.199 
-0.508 0.759 2.201 
-0.508 0.759 2.212 
-0.507 0.758 2.230 
-0.507 0.757 2.250 
-0.506 0.756 2.271 
-0.504 0.754 2.294 
-0.502 0.752 2.317 
-0.501 0.750 2.338 
-0.500 0.750 2.354 
-0.500 0.749 2.363 
-0.500 0.749 2.367 
-0.500 0.750 2.368 
-0.501 0.751 2.368 
-0.503 0.752 2.367 
-0.505 0.754 2.366 
-0.507 0.757 2.374 
-0.509 0.758 2.393 
-0.511 0.760 2.415 
-0.512 0.761 2.437 
-0.514 0.762 2.460 
-0.516 0.764 2.480 
-0.519 0.766 2.497 
-0.522 0.769 2.510 
-0.526 0.772 2.517 
-0.529 0.774 2.527 
-0.533 0.776 2.541 
-0.536 0.778 2.558 
-0.539 0.781 2.580 
-0.543 0.783 2.604 
-0.547 0.785 2.626 
-0.550 0.787 2.650 
-0.555 0.789 2.679 
-0.560 0.792 2.712 
-0.564 0.794 2.747 
-0.570 0.796 2.784 
-0.575 0.798 2.823 
-0.580 0.799 2.859 
-0.586 0.801 2.892 
-0.591 0.802 2.921 
-0.597 0.803 2.944 
-0.604 0.805 2.963 
-0.610 0.806 2.983 
-0.615 0.807 3.001 
-0.620 0.807 3.015 
-0.623 0.808 3.023 
-0.627 0.808 3.030 
-0.631 0.808 3.038 
-0.635 0.809 3.040 
-0.639 0.809 3.040 
-0.643 0.810 3.039 
-0.647 0.810 3.039 
-0.651 0.810 3.039 
-0.656 0.811 3.036 
-0.661 0.811 3.030 
-0.666 0.812 3.023 
-0.671 0.813 3.017 
-0.676 0.813 3.011 
-0.681 0.814 3.004 
-0.687 0.815 2.995 
-0.692 0.816 2.985 
-0.698 0.817 2.975 
-0.704 0.818 2.962 
-0.709 0.819 2.946 
-0.715 0.820 2.929 
-0.721 0.821 2.910 
-0.726 0.823 2.892 
-0.732 0.824 2.871 
-0.737 0.825 2.847 
-0.742 0.827 2.823 
-0.747 0.829 2.805 
-0.752 0.831 2.786 
-0.756 0.832 2.763 
-0.760 0.834 2.744 
-0.765 0.836 2.724 
-0.768 0.837 2.702 
-0.772 0.839 2.678 
-0.775 0.841 2.654 
-0.779 0.843 2.631 
-0.782 0.845 2.611 
-0.785 0.847 2.592 
-0.789 0.849 2.573 
-0.792 0.851 2.555 
-0.795 0.853 2.537 
-0.798 0.855 2.519 
-0.801 0.857 2.502 
-0.804 0.859 2.485 
-0.807 0.862 2.472 
-0.810 0.864 2.461 
-0.813 0.867 2.453 
-0.816 0.869 2.449 
-0.819 0.872 2.446 
-0.822 0.874 2.441 
-0.825 0.877 2.436 
-0.828 0.880 2.435 
-0.831 0.882 2.435 
-0.834 0.885 2.439 
-0.837 0.887 2.443 
-0.840 0.890 2.447 
-0.843 0.892 2.450 
-0.844 0.893 2.455 
-0.845 0.894 2.459 
-0.845 0.894 2.463 
-0.845 0.893 2.467 
-0.843 0.892 2.471 
-0.841 0.891 2.475 
-0.839 0.889 2.478 
-0.836 0.887 2.479 
-0.833 0.884 2.483 
-0.829 0.881 2.482 
-0.826 0.879 2.475 
-0.822 0.876 2.468 
-0.819 0.873 2.464 
-0.816 0.871 2.467 
-0.813 0.868 2.471 
-0.810 0.866 2.472 
-0.807 0.864 2.469 
-0.805 0.862 2.466 
-0.803 0.861 2.461 
-0.802 0.860 2.455 
-0.801 0.859 2.449 
-0.801 0.859 2.443 
-0.801 0.859 2.440 
-0.801 0.859 2.441 
-0.801 0.859 2.445 
-0.801 0.859 2.453 
-0.802 0.860 2.463 
-0.803 0.861 2.477 
-0.805 0.862 2.494 
-0.807 0.863 2.510 
-0.809 0.865 2.524 
-0.812 0.867 2.538 
-0.815 0.869 2.547 
-0.819 0.871 2.553 
-0.822 0.874 2.556 
-0.825 0.875 2.560 
-0.826 0.877 2.566 
-0.828 0.878 2.574 
-0.828 0.878 2.584 
-0.828 0.878 2.590 
-0.829 0.878 2.595 
-0.830 0.879 2.596 
-0.832 0.880 2.600 
-0.833 0.880 2.607 
-0.833 0.881 2.617 
-0.833 0.880 2.629 
-0.832 0.880 2.643 
-0.830 0.879 2.657 
-0.828 0.878 2.673 
-0.825 0.877 2.691 
-0.822 0.875 2.704 
-0.818 0.873 2.715 
-0.814 0.871 2.722 
-0.810 0.870 2.730 
-0.806 0.868 2.741 
-0.803 0.867 2.758 
-0.800 0.866 2.777 
-0.799 0.865 2.799 
-0.797 0.864 2.820 
-0.795 0.864 2.833 
-0.793 0.863 2.838 
-0.790 0.862 2.838 
-0.788 0.862 2.837 
-0.785 0.861 2.843 
-0.783 0.860 2.853 
-0.782 0.860 2.862 
-0.781 0.860 2.870 
-0.782 0.860 2.878 
-0.783 0.860 2.887 
-0.785 0.860 2.898 
-0.787 0.861 2.911 
-0.789 0.862 2.926 
-0.792 0.862 2.941 
-0.795 0.863 2.956 
-0.798 0.863 2.970 
-0.801 0.864 2.985 
-0.804 0.864 2.998 
-0.807 0.865 3.009 
-0.810 0.865 3.019 
-0.813 0.865 3.032 
-0.815 0.865 3.047 
-0.817 0.866 3.064 
-0.819 0.866 3.083 
-0.820 0.866 3.101 
-0.821 0.866 3.119 
-0.822 0.866 3.133 
-0.823 0.866 -3.140 
-0.823 0.866 -3.132 
-0.823 0.866 -3.127 
-0.822 0.866 -3.124 
-0.820 0.866 -3.124 
-0.818 0.866 -3.124 
-0.816 0.866 -3.125 
-0.812 0.866 -3.126 
-0.808 0.866 -3.132 
-0.804 0.866 3.141 
-0.799 0.866 3.131 
-0.794 0.866 3.119 
-0.789 0.866 3.106 
-0.784 0.866 3.095 
-0.780 0.865 3.080 
-0.776 0.865 3.062 
-0.772 0.865 3.045 
-0.769 0.865 3.024 
-0.767 0.864 3.002 
-0.765 0.864 2.976 
-0.764 0.864 2.945 
-0.763 0.864 2.912 
-0.763 0.864 2.874 
-0.763 0.864 2.831 
-0.764 0.864 2.786 
-0.765 0.864 2.739 
-0.767 0.865 2.687 
-0.769 0.866 2.636 
-0.771 0.868 2.586 
-0.774 0.869 2.538 
-0.777 0.871 2.495 
-0.779 0.873 2.458 
-0.782 0.876 2.422 
-0.785 0.878 2.386 
-0.787 0.881 2.350 
-0.790 0.884 2.315 
-0.793 0.887 2.280 
-0.795 0.889 2.240 
-0.797 0.892 2.198 
-0.799 0.895 2.156 
-0.801 0.898 2.112 
-0.802 0.900 2.068 
-0.803 0.903 2.023 
-0.804 0.905 1.980 
-0.805 0.906 1.936 
-0.805 0.908 1.895 
-0.806 0.909 1.856 
-0.806 0.909 1.818 
-0.806 0.910 1.784 
-0.806 0.911 1.752 
-0.806 0.911 1.718 
-0.806 0.910 1.684 
-0.806 0.910 1.648 
-0.806 0.908 1.608 
-0.806 0.907 1.569 
-0.806 0.906 1.537 
-0.806 0.906 1.512 
-0.806 0.906 1.496 
-0.806 0.907 1.489 
-0.806 0.908 1.488 
-0.806 0.909 1.489 
-0.806 0.911 1.486 
-0.805 0.914 1.482 
-0.805 0.917 1.479 
-0.805 0.920 1.482 
-0.804 0.924 1.485 
-0.804 0.928 1.487 
-0.804 0.933 1.491 
-0.803 0.937 1.499 
-0.803 0.942 1.508 
-0.803 0.946 1.519 
-0.803 0.949 1.530 
-0.803 0.953 1.535 
-0.802 0.957 1.533 
-0.802 0.962 1.530 
-0.802 0.967 1.528 
-0.802 0.971 1.528 
-0.802 0.977 1.529 
-0.801 0.982 1.534 
-0.801 0.988 1.545 
-0.801 0.995 1.556 
-0.801 1.001 1.564 
-0.801 1.008 1.574 
-0.801 1.016 1.584 
-0.801 1.023 1.593 
-0.801 1.030 1.606 
-0.802 1.037 1.622 
-0.802 1.044 1.635 
-0.803 1.050 1.648 
-0.803 1.058 1.664 
-0.804 1.065 1.681 
-0.805 1.072 1.699 
-0.806 1.079 1.718 
-0.807 1.087 1.737 
-0.808 1.093 1.753 
-0.810 1.100 1.770 
-0.811 1.107 1.786 
-0.813 1.114 1.802 
-0.814 1.121 1.819 
-0.816 1.128 1.837 
-0.818 1.135 1.855 
-0.820 1.142 1.874 
-0.822 1.149 1.890 
-0.825 1.155 1.906 
-0.827 1.162 1.923 
-0.830 1.169 1.940 
-0.832 1.176 1.958 
-0.835 1.182 1.977 
-0.838 1.189 1.995 
-0.841 1.195 2.012 
-0.844 1.202 2.029 
-0.847 1.208 2.046 
-0.851 1.214 2.064 
-0.854 1.221 2.083 
-0.857 1.227 2.102 
-0.861 1.233 2.120 
-0.865 1.238 2.137 
-0.868 1.244 2.152 
-0.872 1.250 2.173 
-0.876 1.255 2.193 
-0.880 1.261 2.210 
-0.884 1.267 2.230 
-0.889 1.272 2.250 
-0.893 1.277 2.269 
-0.898 1.282 2.287 
-0.902 1.288 2.304 
-0.907 1.293 2.321 
-0.912 1.298 2.337 
-0.917 1.304 2.354 
-0.922 1.309 2.369 
-0.927 1.313 2.386 
-0.932 1.318 2.403 
-0.937 1.323 2.419 
-0.942 1.327 2.435 
-0.948 1.331 2.450 
-0.953 1.336 2.463 
-0.958 1.340 2.476 
-0.964 1.344 2.492 
-0.970 1.349 2.508 
-0.975 1.353 2.521 
-0.981 1.357 2.534 
-0.987 1.361 2.548 
-0.993 1.365 2.560 
-0.999 1.369 2.573 
-1.005 1.372 2.585 
-1.011 1.376 2.599 
-1.017 1.379 2.611 
-1.022 1.383 2.622 
-1.028 1.386 2.633 
-1.034 1.389 2.649 
-1.040 1.392 2.667 
-1.046 1.395 2.683 
-1.052 1.398 2.698 
-1.059 1.401 2.709 
-1.065 1.404 2.721 
-1.071 1.407 2.732 
-1.077 1.410 2.741 
-1.083 1.412 2.757 
-1.090 1.415 2.772 
-1.096 1.417 2.779 
-1.103 1.420 2.789 
-1.109 1.422 2.799 
-1.115 1.424 2.808 
-1.122 1.426 2.822 
-1.128 1.428 2.837 
-1.135 1.430 2.849 
-1.141 1.432 2.858 
-1.148 1.434 2.866 
-1.154 1.436 2.874 
-1.161 1.438 2.881 
-1.167 1.439 2.888 
-1.174 1.441 2.891 
-1.180 1.443 2.896 
-1.186 1.444 2.898 
-1.192 1.446 2.898 
-1.198 1.447 2.902 
-1.204 1.449 2.903 
-1.209 1.450 2.904 
-1.215 1.451 2.906 
-1.220 1.452 2.907 
-1.225 1.454 2.906 
-1.230 1.455 2.906 
-1.235 1.456 2.906 
-1.240 1.457 2.906 
-1.245 1.458 2.908 
-1.249 1.460 2.908 
-1.254 1.461 2.910 
-1.258 1.462 2.911 
-1.263 1.463 2.913 
-1.267 1.464 2.915 
-1.271 1.465 2.916 
-1.275 1.465 2.918 
-1.279 1.466 2.919 
-1.282 1.467 2.919 
-1.286 1.468 2.915 
-1.290 1.469 2.910 
-1.293 1.470 2.907 
-1.297 1.471 2.904 
-1.301 1.472 2.904 
-1.305 1.472 2.906 
-1.309 1.473 2.909 
-1.313 1.474 2.912 
-1.317 1.475 2.916 
-1.321 1.476 2.920 
-1.325 1.477 2.924 
-1.329 1.478 2.927 
-1.333 1.479 2.930 
-1.336 1.480 2.933 
-1.340 1.480 2.937 
-1.344 1.481 2.942 
-1.348 1.482 2.947 
-1.352 1.483 2.949 
-1.356 1.484 2.952 
-1.359 1.484 2.956 
-1.363 1.485 2.958 
-1.366 1.485 2.955 
-1.369 1.486 2.949 
-1.371 1.486 2.942 
-1.374 1.487 2.933 
-1.376 1.487 2.921 
-1.378 1.488 2.904 
-1.379 1.488 2.882 
-1.381 1.489 2.862 
-1.383 1.489 2.845 
-1.386 1.490 2.831 
-1.389 1.491 2.822 
-1.393 1.493 2.814 
-1.397 1.494 2.808 
-1.400 1.495 2.804 
-1.404 1.496 2.799 
-1.407 1.498 2.794 
-1.411 1.499 2.790 
-1.414 1.500 2.785 
-1.417 1.501 2.781 
-1.421 1.503 2.777 
-1.424 1.504 2.776 
-1.428 1.505 2.777 
-1.431 1.507 2.781 
-1.435 1.508 2.788 
-1.439 1.510 2.797 
-1.443 1.511 2.805 
-1.446 1.512 2.808 
-1.450 1.513 2.801 
-1.452 1.514 2.786 
-1.454 1.515 2.767 
-1.456 1.516 2.743 
-1.457 1.516 2.715 
-1.458 1.516 2.685 
-1.458 1.517 2.651 
-1.459 1.517 2.615 
-1.459 1.517 2.578 
-1.459 1.517 2.539 
-1.459 1.518 2.502 
-1.460 1.518 2.464 
-1.460 1.518 2.425 
-1.461 1.518 2.388 
-1.461 1.519 2.350 
-1.461 1.519 2.309 
-1.461 1.519 2.268 
-1.461 1.519 2.224 
-1.461 1.519 2.178 
-1.461 1.519 2.134 
-1.461 1.520 2.093 
-1.462 1.520 2.049 
-1.462 1.520 2.001 
-1.462 1.521 1.959 
-1.462 1.521 1.916 
-1.462 1.521 1.872 
-1.462 1.521 1.829 
-1.462 1.521 1.786 
-1.462 1.521 1.744 
-1.462 1.521 1.708 
-1.462 1.521 1.670 
-1.462 1.522 1.633 
-1.462 1.522 1.595 
-1.462 1.522 1.553 
-1.462 1.522 1.512 
-1.462 1.522 1.471 
-1.462 1.522 1.430 
-1.462 1.522 1.389 
-1.462 1.522 1.346 
-1.462 1.522 1.301 
-1.462 1.522 1.257 
-1.462 1.522 1.216 
-1.462 1.522 1.174 
-1.462 1.522 1.135 
-1.462 1.522 1.096 
-1.462 1.522 1.055 
-1.462 1.522 1.014 
-1.462 1.522 0.973 
-1.462 1.522 0.931 
-1.462 1.522 0.891 
-1.462 1.522 0.850 
-1.462 1.522 0.808 
-1.462 1.522 0.768 
-1.462 1.522 0.727 
-1.462 1.522 0.686 
-1.462 1.522 0.647 
-1.462 1.522 0.609 
-1.463 1.522 0.570 
-1.463 1.522 0.532 
-1.463 1.522 0.493 
-1.463 1.522 0.452 
-1.463 1.522 0.418 
-1.462 1.522 0.399 
-1.462 1.522 0.395 
-1.462 1.522 0.395 
-1.462 1.522 0.395 
-1.462 1.522 0.395 
-1.462 1.522 0.395 
-1.462 1.522 0.395 
-1.462 1.522 0.395 
-1.462 1.522 0.395 
-1.462 1.522 0.395 
-1.462 1.522 0.395 
-1.462 1.522 0.395 
-1.462 1.522 0.395 
-1.462 1.522 0.395 
-1.462 1.522 0.395 
-1.462 1.522 0.395 
-1.462 1.522 0.395 
-1.462 1.522 0.395 
-1.462 1.522 0.395 
-1.462 1.522 0.395 
-1.462 1.522 0.395 
-1.462 1.522 0.395 
-1.462 1.522 0.395 
-1.462 1.522 0.395 
-1.462 1.522 0.395 
-1.462 1.522 0.395 
-1.462 1.522 0.395 
-1.462 1.522 0.395 
-1.462 1.522 0.395 
-1.462 1.522 0.395 
-1.462 1.522 0.395 
-1.462 1.522 0.395 
-1.462 1.522 0.395 
-1.462 1.522 0.395 
-1.462 1.522 0.395 
-1.462 1.522 0.395 
-1.462 1.522 0.395 
-1.462 1.522 0.395 
-1.462 1.522 0.395 
-1.462 1.522 0.395 
-1.462 1.522 0.395 
-1.462 1.522 0.395 
-1.462 1.522 0.395 
-1.462 1.522 0.395 
-1.462 1.522 0.395 
-1.462 1.522 0.395 
-1.462 1.522 0.395 
-1.462 1.522 0.395 
-1.462 1.522 0.395 
-1.462 1.522 0.395 
-1.462 1.522 0.395 
-1.462 1.522 0.395 
-1.462 1.522 0.395 
-1.462 1.522 0.395 
-1.462 1.522 0.395 
-1.462 1.522 0.395 
-1.462 1.522 0.395 
-1.462 1.522 0.395 
-1.462 1.522 0.395 
-1.462 1.522 0.395 
-1.462 1.522 0.395 
-1.462 1.522 0.395 
-1.462 1.522 0.395 
-1.462 1.522 0.395 
-1.462 1.522 0.395 
-1.462 1.522 0.395 
-1.462 1.522 0.395 
-1.462 1.522 0.395 
-1.462 1.522 0.395 
-1.462 1.522 0.395 
-1.462 1.522 0.395 
-1.462 1.522 0.395 
-1.462 1.522 0.395 
-1.462 1.522 0.395 
-1.462 1.522 0.395 
-1.462 1.522 0.395 
-1.462 1.522 0.395 
-1.462 1.522 0.395 
-1.462 1.522 0.395 
-1.462 1.522 0.395 
-1.462 1.522 0.395 
-1.462 1.522 0.395 
-1.462 1.522 0.395 
-1.462 1.522 0.395 
-1.462 1.522 0.395 
-1.462 1.522 0.395 
-1.462 1.522 0.395 
-1.462 1.522 0.395 
-1.462 1.522 0.395 
-1.462 1.522 0.395 
-1.462 1.522 0.395 
-1.462 1.522 0.395 
-1.462 1.522 0.395 
-1.462 1.522 0.395 
-1.462 1.522 0.395 
-1.462 1.522 0.395 
-1.462 1.522 0.395 
-1.462 1.522 0.395 
-1.462 1.522 0.395 
-1.462 1.522 0.395 
-1.462 1.522 0.395 
-1.462 1.522 0.395 
-1.462 1.522 0.395 
-1.462 1.522 0.395 
-1.462 1.522 0.395 
-1.462 1.522 0.395 
-1.462 1.522 0.395 
-1.462 1.522 0.395 
-1.462 1.522 0.395 
-1.462 1.522 0.395 
-1.462 1.522 0.395 
-1.462 1.522 0.395 
-1.462 1.522 0.395 
-1.462 1.522 0.395 
-1.462 1.522 0.395 
-1.462 1.522 0.395 
-1.462 1.522 0.395 
-1.462 1.522 0.395 
-1.462 1.522 0.395 
-1.462 1.522 0.395 
-1.462 1.522 0.395 
-1.462 1.522 0.395 
-1.462 1.522 0.395 
-1.462 1.522 0.395 
-1.462 1.522 0.395 
-1.462 1.522 0.395 
-1.462 1.522 0.395 
-1.462 1.522 0.395 
-1.462 1.522 0.395 
-1.462 1.522 0.395 
-1.462 1.522 0.395 
-1.462 1.522 0.395 
-1.462 1.522 0.395 
-1.462 1.522 0.395 
-1.462 1.522 0.395 
-1.462 1.522 0.395 
-1.462 1.522 0.395 
-1.462 1.522 0.395 
-1.462 1.522 0.395 
-1.462 1.522 0.395 
-1.462 1.522 0.395 
-1.462 1.522 0.395 
-1.462 1.522 0.395 
-1.462 1.522 0.395 
-1.462 1.522 0.395 
-1.462 1.522 0.395 
-1.462 1.522 0.395 
-1.462 1.522 0.395 
-1.462 1.522 0.395 
-1.462 1.522 0.395 
-1.462 1.522 0.395 
-1.462 1.522 0.395 
-1.462 1.522 0.395 
-1.462 1.522 0.395 
-1.462 1.522 0.395 
-1.462 1.522 0.395 
-1.462 1.522 0.395 
-1.462 1.522 0.395 
-1.462 1.522 0.395 
-1.462 1.522 0.395 
-1.462 1.522 0.395 
-1.462 1.522 0.395 
-1.462 1.522 0.395 
-1.462 1.522 0.395 
-1.462 1.522 0.395 
-1.462 1.522 0.395 
-1.462 1.522 0.395 
-1.462 1.522 0.395 
-1.462 1.522 0.395 
-1.462 1.522 0.395 
-1.462 1.522 0.395 
-1.462 1.522 0.395 
-1.462 1.522 0.395 
-1.462 1.522 0.395 
-1.462 1.522 0.395 
-1.462 1.522 0.395 
-1.462 1.522 0.395 
-1.462 1.522 0.395 
-1.462 1.522 0.395 
-1.462 1.522 0.395 
-1.462 1.522 0.395 
-1.462 1.522 0.395 
-1.462 1.522 0.395 
-1.462 1.522 0.395 
-1.462 1.522 0.395 
-1.462 1.522 0.395 
-1.462 1.522 0.395 
-1.462 1.522 0.395 
-1.462 1.522 0.395 
-1.462 1.522 0.395 
-1.462 1.522 0.395 
-1.462 1.522 0.395 
-1.462 1.522 0.395 
-1.462 1.522 0.395 
-1.462 1.522 0.395 
-1.462 1.522 0.395 
-1.462 1.522 0.395 
-1.462 1.522 0.395 
-1.462 1.522 0.395 
-1.462 1.522 0.395 
-1.462 1.522 0.395 
-1.462 1.522 0.395 
-1.462 1.522 0.395 
-1.462 1.522 0.395 
-1.462 1.522 0.395 
-1.462 1.522 0.395 
-1.462 1.522 0.395 
-1.462 1.522 0.395 
-1.462 1.522 0.395 
-1.462 1.522 0.395 
-1.462 1.522 0.395 
-1.462 1.522 0.395 
-1.462 1.522 0.395 
-1.462 1.522 0.395 
-1.462 1.522 0.395 
-1.462 1.522 0.395 
-1.462 1.522 0.395 
-1.462 1.522 0.395 
-1.462 1.522 0.395 
-1.462 1.522 0.395 
-1.462 1.522 0.395 
-1.462 1.522 0.395 
-1.462 1.522 0.395 
-1.462 1.522 0.395 
-1.462 1.522 0.395 
-1.462 1.522 0.395 
-1.462 1.522 0.395 
-1.462 1.522 0.395 
-1.462 1.522 0.395 
-1.462 1.522 0.395 
-1.462 1.522 0.395 
-1.462 1.522 0.395 
-1.462 1.522 0.395 
-1.462 1.522 0.395 
-1.462 1.522 0.395 
-1.462 1.522 0.395 
-1.462 1.522 0.395 
-1.462 1.522 0.395 
-1.462 1.522 0.395 
-1.462 1.522 0.395 
-1.462 1.522 0.395 
-1.462 1.522 0.395 
-1.462 1.522 0.395 
-1.462 1.522 0.395 
-1.462 1.522 0.395 
-1.462 1.522 0.395 
-1.462 1.522 0.395 
-1.462 1.522 0.395 
-1.462 1.522 0.395 
-1.462 1.522 0.395 
-1.462 1.522 0.395 
-1.462 1.522 0.395 
-1.462 1.522 0.395 
-1.462 1.522 0.395 
-1.462 1.522 0.395 
-1.462 1.522 0.395 
-1.462 1.522 0.395 
-1.462 1.522 0.395 
-1.462 1.522 0.395 
-1.462 1.522 0.395 
-1.462 1.522 0.395 
-1.462 1.522 0.396 
-1.461 1.523 0.400 
-1.459 1.523 0.406 
-1.457 1.524 0.416 
-1.455 1.525 0.428 
-1.451 1.527 0.442 
-1.447 1.529 0.456 
-1.443 1.531 0.472 
-1.437 1.534 0.485 
-1.432 1.537 0.497 
-1.426 1.540 0.506 
-1.420 1.543 0.511 
-1.414 1.547 0.514 
-1.409 1.550 0.516 
-1.403 1.553 0.521 
-1.397 1.556 0.520 
-1.391 1.560 0.514 
-1.386 1.563 0.506 
-1.379 1.566 0.499 
-1.373 1.570 0.490 
-1.366 1.573 0.483 
-1.360 1.577 0.475 
-1.353 1.580 0.466 
-1.347 1.583 0.458 
-1.340 1.586 0.450 
-1.334 1.590 0.441 
-1.327 1.593 0.434 
-1.321 1.596 0.427 
-1.314 1.599 0.419 
-1.308 1.601 0.411 
-1.301 1.604 0.405 
-1.295 1.607 0.400 
-1.288 1.610 0.395 
-1.282 1.612 0.391 
-1.275 1.615 0.386 
-1.268 1.618 0.381 
-1.261 1.621 0.377 
-1.254 1.623 0.372 
-1.248 1.626 0.367 
-1.241 1.628 0.363 
-1.234 1.631 0.360 
-1.227 1.634 0.356 
-1.221 1.636 0.350 
-1.214 1.639 0.345 
-1.207 1.641 0.340 
-1.200 1.643 0.335 
-1.193 1.646 0.330 
-1.186 1.648 0.326 
-1.179 1.650 0.322 
-1.172 1.653 0.317 
-1.165 1.655 0.313 
-1.159 1.657 0.308 
-1.152 1.659 0.304 
-1.146 1.661 0.301 
-1.139 1.663 0.301 
-1.132 1.665 0.301 
-1.126 1.667 0.299 
-1.119 1.669 0.294 
-1.112 1.672 0.288 
-1.105 1.674 0.284 
-1.098 1.676 0.279 
-1.091 1.678 0.274 
-1.084 1.680 0.269 
-1.077 1.682 0.265 
-1.069 1.684 0.260 
-1.062 1.685 0.256 
-1.055 1.687 0.252 
-1.048 1.689 0.250 
-1.042 1.691 0.248 
-1.035 1.692 0.244 
-1.027 1.694 0.239 
-1.020 1.696 0.234 
-1.013 1.698 0.232 
-1.007 1.699 0.228 
-1.000 1.701 0.224 
-0.993 1.702 0.220 
-0.986 1.704 0.218 
-0.979 1.705 0.217 
-0.972 1.707 0.215 
-0.964 1.709 0.214 
-0.957 1.710 0.213 
-0.950 1.712 0.214 
-0.943 1.713 0.213 
-0.936 1.715 0.212 
-0.929 1.716 0.210 
-0.922 1.718 0.208 
-0.915 1.719 0.206 
-0.907 1.721 0.205 
-0.900 1.722 0.203 
-0.893 1.724 0.201 
-0.886 1.725 0.199 
-0.879 1.727 0.197 
-0.871 1.728 0.195 
-0.865 1.729 0.190 
-0.858 1.731 0.188 
-0.851 1.732 0.188 
-0.845 1.733 0.186 
-0.838 1.734 0.186 
-0.831 1.736 0.185 
-0.824 1.737 0.182 
-0.816 1.738 0.180 
-0.809 1.740 0.178 
-0.802 1.741 0.176 
-0.795 1.742 0.173 
-0.788 1.744 0.171 
-0.780 1.745 0.169 
-0.773 1.746 0.167 
-0.766 1.747 0.166 
-0.759 1.748 0.165 
-0.752 1.750 0.165 
-0.745 1.751 0.165 
-0.738 1.752 0.163 
-0.730 1.753 0.161 
-0.723 1.754 0.159 
-0.716 1.755 0.159 
-0.709 1.757 0.157 
-0.702 1.758 0.155 
-0.696 1.759 0.151 
-0.689 1.760 0.146 
-0.681 1.761 0.143 
-0.674 1.762 0.141 
-0.667 1.763 0.139 
-0.660 1.764 0.139 
-0.653 1.765 0.139 
-0.646 1.766 0.138 
-0.638 1.767 0.137 
-0.631 1.768 0.135 
-0.624 1.769 0.133 
-0.617 1.770 0.131 
-0.609 1.771 0.129 
-0.602 1.772 0.127 
-0.595 1.773 0.125 
-0.588 1.773 0.125 
-0.580 1.774 0.127 
-0.573 1.775 0.128 
-0.566 1.776 0.126 
-0.559 1.777 0.127 
-0.553 1.778 0.129 
-0.546 1.779 0.133 
-0.539 1.780 0.136 
-0.531 1.781 0.136 
-0.524 1.782 0.135 
-0.517 1.783 0.135 
-0.510 1.784 0.134 
-0.502 1.785 0.133 
-0.495 1.786 0.132 
-0.488 1.787 0.132 
-0.481 1.788 0.131 
-0.473 1.789 0.130 
-0.466 1.789 0.129 
-0.459 1.790 0.130 
-0.452 1.791 0.131 
-0.444 1.792 0.131 
-0.437 1.793 0.131 
-0.430 1.794 0.129 
-0.423 1.795 0.128 
-0.415 1.796 0.126 
-0.408 1.797 0.123 
-0.401 1.798 0.121 
-0.394 1.799 0.121 
-0.387 1.800 0.122 
-0.380 1.800 0.121 
-0.373 1.801 0.118 
-0.366 1.802 0.115 
-0.359 1.803 0.116 
-0.352 1.804 0.118 
-0.345 1.805 0.119 
-0.338 1.805 0.119 
-0.330 1.806 0.118 
-0.323 1.807 0.117 
-0.316 1.808 0.116 
-0.309 1.809 0.115 
-0.301 1.810 0.114 
-0.294 1.810 0.112 
-0.287 1.811 0.111 
-0.279 1.812 0.110 
-0.272 1.813 0.109 
-0.265 1.814 0.108 
-0.258 1.814 0.108 
-0.250 1.815 0.108 
-0.244 1.816 0.106 
-0.237 1.817 0.103 
-0.230 1.817 0.099 
-0.223 1.818 0.096 
-0.215 1.819 0.092 
-0.208 1.819 0.089 
-0.201 1.820 0.085 
-0.193 1.821 0.082 
-0.186 1.821 0.078 
-0.179 1.822 0.075 
-0.172 1.822 0.072 
-0.164 1.823 0.069 
-0.157 1.823 0.067 
-0.150 1.824 0.066 
-0.143 1.824 0.065 
-0.136 1.825 0.063 
-0.128 1.825 0.061 
-0.121 1.826 0.058 
-0.114 1.826 0.055 
-0.106 1.827 0.052 
-0.099 1.827 0.049 
-0.092 1.827 0.047 
-0.084 1.828 0.045 
-0.077 1.828 0.043 
-0.070 1.828 0.042 
-0.063 1.828 0.040 
-0.056 1.829 0.039 
-0.049 1.829 0.041 
-0.042 1.829 0.043 
-0.035 1.830 0.043 
-0.028 1.830 0.041 
-0.021 1.830 0.039 
-0.013 1.830 0.037 
-0.006 1.831 0.034 
0.001 1.831 0.032 
0.009 1.831 0.030 
0.016 1.831 0.027 
0.023 1.832 0.025 
0.031 1.832 0.023 
0.038 1.832 0.021 
0.045 1.832 0.021 
0.052 1.832 0.021 
0.060 1.832 0.021 
0.067 1.833 0.019 
0.074 1.833 0.017 
0.081 1.833 0.013 
0.088 1.833 0.011 
0.095 1.833 0.010 
0.102 1.833 0.006 
0.110 1.833 0.004 
0.117 1.833 0.003 
0.124 1.833 0.002 
0.132 1.833 0.000 
0.139 1.833 -0.000 
0.146 1.833 -0.000 
0.153 1.833 -0.001 
0.161 1.833 -0.002 
0.168 1.833 -0.003 
0.175 1.833 -0.004 
0.183 1.833 -0.005 
0.190 1.833 -0.007 
0.197 1.833 -0.010 
0.205 1.833 -0.013 
0.212 1.833 -0.016 
0.219 1.833 -0.020 
0.227 1.832 -0.023 
0.234 1.832 -0.026 
0.241 1.832 -0.029 
0.248 1.832 -0.031 
0.255 1.832 -0.033 
0.262 1.831 -0.035 
0.269 1.831 -0.036 
0.276 1.831 -0.040 
0.283 1.831 -0.043 
0.291 1.830 -0.045 
0.298 1.830 -0.048 
0.305 1.830 -0.050 
0.312 1.829 -0.052 
0.320 1.829 -0.055 
0.327 1.828 -0.057 
0.334 1.828 -0.059 
0.342 1.828 -0.062 
0.349 1.827 -0.066 
0.356 1.827 -0.071 
0.363 1.826 -0.077 
0.371 1.825 -0.081 
0.378 1.825 -0.085 
0.385 1.824 -0.090 
0.392 1.824 -0.094 
0.398 1.823 -0.098 
0.405 1.822 -0.102 
0.413 1.821 -0.106 
0.420 1.821 -0.109 
0.427 1.820 -0.111 
0.435 1.819 -0.114 
0.442 1.818 -0.117 
0.449 1.817 -0.119 
0.456 1.817 -0.122 
0.463 1.816 -0.127 
0.470 1.815 -0.131 
0.478 1.814 -0.136 
0.485 1.813 -0.140 
0.492 1.812 -0.145 
0.499 1.811 -0.149 
0.505 1.810 -0.153 
0.512 1.809 -0.156 
0.520 1.807 -0.158 
0.527 1.806 -0.160 
0.534 1.805 -0.164 
0.541 1.804 -0.170 
0.547 1.803 -0.172 
0.554 1.802 -0.176 
0.561 1.800 -0.181 
0.568 1.799 -0.187 
0.575 1.798 -0.193 
0.582 1.796 -0.196 
0.589 1.795 -0.198 
0.596 1.794 -0.198 
0.603 1.792 -0.198 
0.610 1.791 -0.198 
0.618 1.789 -0.199 
0.625 1.788 -0.200 
0.632 1.786 -0.201 
0.639 1.785 -0.205 
0.646 1.783 -0.210 
0.652 1.782 -0.211 
0.659 1.781 -0.214 
0.666 1.779 -0.220 
0.673 1.777 -0.226 
0.680 1.776 -0.231 
0.687 1.774 -0.233 
0.694 1.773 -0.235 
0.701 1.771 -0.235 
0.708 1.769 -0.235 
0.715 1.767 -0.235 
0.722 1.766 -0.235 
0.730 1.764 -0.234 
0.737 1.762 -0.233 
0.744 1.761 -0.235 
0.751 1.759 -0.236 
0.757 1.757 -0.237 
0.764 1.756 -0.240 
0.771 1.754 -0.244 
0.777 1.752 -0.248 
0.784 1.751 -0.250 
0.791 1.749 -0.250 
0.798 1.747 -0.250 
0.805 1.745 -0.249 
0.813 1.743 -0.248 
0.820 1.742 -0.247 
0.827 1.740 -0.247 
0.834 1.738 -0.246 
0.841 1.736 -0.245 
0.848 1.735 -0.242 
0.855 1.733 -0.240 
0.862 1.731 -0.239 
0.869 1.729 -0.239 
0.876 1.728 -0.240 
0.883 1.726 -0.239 
0.890 1.724 -0.238 
0.897 1.723 -0.239 
0.903 1.721 -0.238 
0.910 1.719 -0.240 
0.917 1.718 -0.242 
0.924 1.716 -0.242 
0.931 1.714 -0.242 
0.938 1.712 -0.243 
0.945 1.711 -0.243 
0.952 1.709 -0.244 
0.959 1.707 -0.246 
0.965 1.706 -0.248 
0.972 1.704 -0.254 
0.978 1.702 -0.259 
0.985 1.700 -0.261 
0.992 1.699 -0.261 
0.999 1.697 -0.260 
1.005 1.695 -0.260 
1.011 1.693 -0.259 
1.018 1.692 -0.259 
1.024 1.690 -0.259 
1.030 1.689 -0.257 
1.037 1.687 -0.253 
1.044 1.685 -0.248 
1.050 1.683 -0.247 
1.057 1.682 -0.247 
1.064 1.680 -0.248 
1.070 1.678 -0.251 
1.077 1.677 -0.255 
1.084 1.675 -0.255 
1.091 1.673 -0.254 
1.097 1.671 -0.252 
1.104 1.670 -0.250 
1.110 1.668 -0.249 
1.117 1.666 -0.247 
1.123 1.665 -0.245 
1.129 1.663 -0.243 
1.136 1.662 -0.238 
1.143 1.660 -0.232 
1.149 1.658 -0.229 
1.156 1.657 -0.228 
1.163 1.655 -0.228 
1.169 1.654 -0.230 
1.176 1.652 -0.231 
1.183 1.651 -0.230 
1.190 1.649 -0.228 
1.197 1.647 -0.226 
1.203 1.646 -0.224 
1.210 1.644 -0.223 
1.216 1.643 -0.221 
1.222 1.642 -0.219 
1.229 1.640 -0.217 
1.235 1.639 -0.214 
1.242 1.637 -0.212 
1.249 1.636 -0.213 
1.256 1.634 -0.216 
1.262 1.633 -0.221 
1.268 1.632 -0.223 
1.275 1.630 -0.226 
1.281 1.629 -0.229 
1.286 1.627 -0.231 
1.292 1.626 -0.234 
1.298 1.625 -0.236 
1.303 1.623 -0.239 
1.309 1.622 -0.241 
1.315 1.620 -0.243 
1.320 1.619 -0.245 
1.325 1.618 -0.246 
1.330 1.617 -0.246 
1.335 1.615 -0.249 
1.340 1.614 -0.255 
1.344 1.613 -0.258 
1.348 1.612 -0.261 
1.353 1.611 -0.263 
1.357 1.610 -0.267 
1.361 1.608 -0.270 
1.365 1.607 -0.274 
1.369 1.606 -0.277 
1.373 1.605 -0.279 
1.377 1.604 -0.280 
1.380 1.603 -0.282 
1.384 1.602 -0.286 
1.388 1.601 -0.287 
1.392 1.600 -0.287 
1.396 1.598 -0.287 
1.399 1.597 -0.287 
1.403 1.596 -0.287 
1.407 1.595 -0.288 
1.411 1.594 -0.288 
1.415 1.593 -0.287 
1.419 1.592 -0.290 
1.422 1.591 -0.294 
1.426 1.589 -0.298 
1.430 1.588 -0.299 
1.434 1.587 -0.296 
1.437 1.586 -0.292 
1.441 1.585 -0.290 
1.444 1.584 -0.291 
1.447 1.583 -0.292 
1.450 1.582 -0.293 
1.452 1.582 -0.294 
1.453 1.581 -0.295 
1.454 1.581 -0.296 
1.455 1.581 -0.293 
1.456 1.580 -0.287 
1.457 1.580 -0.279 
1.457 1.580 -0.269 
1.457 1.580 -0.258 
1.458 1.580 -0.248 
1.458 1.580 -0.238 
1.458 1.580 -0.230 
1.458 1.580 -0.225 
1.458 1.580 -0.220 
1.458 1.580 -0.217 
1.458 1.580 -0.214 
1.458 1.580 -0.211 
1.458 1.580 -0.207 
1.458 1.580 -0.201 
1.458 1.580 -0.194 
1.459 1.580 -0.183 
1.459 1.580 -0.170 
1.459 1.580 -0.155 
1.459 1.580 -0.140 
1.459 1.580 -0.125 
1.459 1.580 -0.110 
1.459 1.580 -0.095 
1.459 1.580 -0.080 
1.459 1.580 -0.065 
1.459 1.580 -0.050 
1.459 1.580 -0.035 
1.459 1.580 -0.020 
1.459 1.580 0.025 
1.459 1.580 0.040 
1.459 1.580 0.054 
1.459 1.580 0.070 
1.459 1.580 0.085 
1.459 1.580 0.099 
1.459 1.580 0.115 
1.459 1.580 0.130 
1.459 1.580 0.144 
1.459 1.580 0.160 
1.459 1.580 0.174 
1.459 1.580 0.189 
1.459 1.580 0.205 
1.459 1.580 0.219 
1.459 1.580 0.234 
1.459 1.581 0.250 
1.459 1.581 0.279 
1.459 1.581 0.294 
1.459 1.581 0.324 
1.459 1.581 0.339 
1.459 1.581 0.354 
1.459 1.581 0.369 
1.459 1.581 0.384 
1.459 1.581 0.399 
1.459 1.581 0.414 
1.459 1.581 0.429 
1.459 1.581 0.444 
1.459 1.581 0.459 
1.459 1.581 0.474 
1.459 1.581 0.489 
1.459 1.581 0.504 
1.459 1.581 0.519 
1.459 1.581 0.534 
1.459 1.581 0.549 
1.459 1.581 0.564 
1.459 1.581 0.579 
1.459 1.581 0.594 
1.459 1.581 0.609 
1.459 1.581 0.624 
1.459 1.581 0.639 
1.459 1.581 0.654 
1.459 1.581 0.669 
1.459 1.581 0.684 
1.459 1.581 0.699 
1.459 1.581 0.714 
1.459 1.581 0.729 
1.459 1.581 0.744 
1.459 1.581 0.759 
1.459 1.581 0.773 
1.459 1.581 0.788 
1.459 1.580 0.802 
1.458 1.580 0.815 
1.458 1.580 0.825 
1.458 1.580 0.833 
1.458 1.580 0.839 
1.457 1.581 0.843 
1.457 1.581 0.847 
1.457 1.581 0.851 
1.457 1.581 0.854 
1.457 1.581 0.858 
1.457 1.582 0.862 
1.457 1.582 0.868 
1.457 1.582 0.876 
1.457 1.582 0.886 
1.457 1.582 0.899 
1.457 1.582 0.912 
1.457 1.582 0.927 
1.457 1.582 0.942 
1.457 1.582 0.957 
1.457 1.582 0.972 
1.457 1.582 0.987 
1.457 1.582 1.002 
1.457 1.582 1.017 
1.457 1.582 1.032 
1.457 1.582 1.047 
1.457 1.582 1.062 
1.457 1.582 1.077 
1.457 1.582 1.092 
1.457 1.582 1.107 
1.457 1.582 1.122 
1.457 1.582 1.137 
1.457 1.582 1.151 
1.457 1.582 1.167 
1.457 1.582 1.182 
1.457 1.582 1.196 
1.457 1.582 1.212 
1.457 1.582 1.227 
1.457 1.582 1.241 
1.457 1.582 1.257 
1.457 1.582 1.271 
1.457 1.582 1.286 
1.457 1.582 1.302 
1.457 1.582 1.316 
1.457 1.582 1.331 
1.457 1.582 1.347 
1.457 1.582 1.361 
1.457 1.582 1.376 
1.457 1.582 1.391 
1.457 1.582 1.406 
1.457 1.582 1.421 
1.457 1.582 1.436 
1.457 1.582 1.451 
1.457 1.582 1.466 
1.457 1.582 1.481 
1.457 1.582 1.496 
1.457 1.582 1.511 
1.457 1.582 1.526 
1.457 1.582 1.541 
1.457 1.582 1.556 
1.457 1.582 1.571 
1.457 1.582 1.586 
1.457 1.582 1.601 
1.457 1.582 1.616 
1.457 1.582 1.631 
1.457 1.582 1.646 
1.457 1.582 1.661 
1.457 1.582 1.676 
1.457 1.582 1.691 
1.457 1.582 1.706 
1.457 1.582 1.721 
1.457 1.582 1.736 
1.457 1.582 1.751 
1.457 1.582 1.766 
1.457 1.582 1.781 
1.457 1.582 1.796 
1.457 1.582 1.811 
1.457 1.582 1.825 
1.457 1.582 1.838 
1.457 1.582 1.851 
1.457 1.582 1.862 
1.457 1.582 1.872 
1.457 1.581 1.881 
1.457 1.581 1.887 
1.457 1.581 1.892 
1.457 1.581 1.897 
1.457 1.581 1.900 
1.457 1.581 1.905 
1.457 1.580 1.909 
1.457 1.580 1.915 
1.457 1.580 1.923 
1.457 1.580 1.934 
1.457 1.580 1.947 
1.457 1.580 1.961 
1.457 1.580 1.976 
1.457 1.580 1.991 
1.457 1.580 2.006 
1.457 1.580 2.021 
1.457 1.580 2.036 
1.457 1.580 2.051 
1.457 1.580 2.066 
1.457 1.580 2.081 
1.457 1.580 2.096 
1.457 1.580 2.111 
1.457 1.580 2.126 
1.457 1.580 2.141 
1.457 1.580 2.156 
1.457 1.580 2.171 
1.457 1.580 2.186 
1.457 1.580 2.201 
1.457 1.580 2.216 
1.457 1.580 2.231 
1.457 1.580 2.246 
1.457 1.580 2.260 
1.457 1.580 2.276 
1.457 1.580 2.291 
1.457 1.580 2.305 
1.457 1.580 2.321 
1.457 1.580 2.336 
1.457 1.580 2.350 
1.457 1.580 2.366 
1.457 1.580 2.425 
1.457 1.580 2.440 
1.457 1.580 2.456 
1.457 1.580 2.470 
1.457 1.580 2.485 
1.457 1.580 2.500 
1.457 1.580 2.515 
1.457 1.580 2.530 
1.457 1.580 2.545 
1.457 1.580 2.560 
1.457 1.580 2.575 
1.457 1.580 2.590 
1.457 1.580 2.605 
1.457 1.580 2.620 
1.457 1.580 2.635 
1.457 1.580 2.650 
1.457 1.580 2.665 
1.457 1.580 2.680 
1.457 1.580 2.695 
1.457 1.580 2.710 
1.457 1.580 2.725 
1.457 1.580 2.740 
1.457 1.580 2.755 
1.457 1.580 2.770 
1.457 1.580 2.785 
1.457 1.580 2.800 
1.457 1.580 2.815 
1.457 1.580 2.830 
1.457 1.580 2.845 
1.457 1.580 2.860 
1.457 1.580 2.875 
1.457 1.580 2.890 
1.457 1.580 2.905 
1.457 1.580 2.919 
1.457 1.580 2.931 
1.456 1.580 2.943 
1.456 1.580 2.952 
1.456 1.579 2.959 
1.456 1.579 2.965 
1.456 1.579 2.971 
1.456 1.579 2.977 
1.456 1.579 2.983 
1.456 1.579 2.990 
1.456 1.579 3.000 
1.456 1.579 3.012 
1.455 1.579 3.027 
1.455 1.579 3.041 
1.455 1.579 3.057 
1.455 1.579 3.071 
1.455 1.579 3.086 
1.455 1.579 3.102 
1.455 1.579 3.116 
1.455 1.579 3.131 
1.455 1.579 -3.137 
1.455 1.579 -3.122 
1.455 1.579 -3.107 
1.455 1.579 -3.092 
1.455 1.579 -3.077 
1.455 1.579 -3.062 
1.455 1.579 -3.047 
1.455 1.579 -3.032 
1.455 1.579 -3.017 
1.455 1.579 -3.002 
1.455 1.579 -2.987 
1.455 1.579 -2.972 
1.455 1.579 -2.957 
1.455 1.579 -2.942 
1.455 1.579 -2.927 
1.455 1.579 -2.912 
1.455 1.579 -2.897 
1.455 1.579 -2.882 
1.455 1.579 -2.867 
1.455 1.579 -2.852 
1.455 1.579 -2.837 
1.455 1.579 -2.822 
1.455 1.579 -2.807 
1.455 1.579 -2.792 
1.455 1.579 -2.777 
1.455 1.579 -2.762 
1.455 1.579 -2.747 
1.455 1.579 -2.732 
1.455 1.579 -2.717 
1.455 1.579 -2.703 
1.455 1.579 -2.687 
1.456 1.579 -2.672 
1.456 1.579 -2.658 
1.456 1.579 -2.642 
1.456 1.579 -2.627 
1.456 1.579 -2.613 
1.456 1.579 -2.597 
1.456 1.579 -2.583 
1.456 1.579 -2.568 
1.456 1.579 -2.507 
1.456 1.579 -2.493 
1.456 1.579 -2.478 
1.456 1.579 -2.463 
1.456 1.579 -2.448 
1.456 1.579 -2.433 
1.456 1.579 -2.418 
1.456 1.579 -2.403 
1.456 1.579 -2.388 
1.456 1.579 -2.373 
1.456 1.579 -2.358 
1.456 1.579 -2.343 
1.456 1.579 -2.328 
1.456 1.579 -2.313 
1.456 1.579 -2.298 
1.456 1.579 -2.284 
1.456 1.579 -2.271 
1.456 1.579 -2.260 
1.456 1.579 -2.251 
1.456 1.579 -2.244 
1.457 1.579 -2.240 
1.457 1.578 -2.236 
1.457 1.578 -2.232 
1.457 1.578 -2.229 
1.457 1.578 -2.225 
1.458 1.578 -2.221 
1.457 1.577 -2.215 
1.457 1.577 -2.208 
1.457 1.577 -2.198 
1.457 1.577 -2.186 
1.457 1.577 -2.173 
1.457 1.577 -2.159 
1.457 1.577 -2.144 
1.457 1.577 -2.129 
1.457 1.577 -2.114 
1.457 1.577 -2.099 
1.457 1.577 -2.084 
1.457 1.577 -2.069 
1.457 1.577 -2.054 
1.457 1.577 -2.039 
1.457 1.577 -2.024 
1.457 1.577 -2.009 
1.457 1.577 -1.994 
1.457 1.577 -1.979 
1.457 1.577 -1.964 
1.457 1.577 -1.949 
1.457 1.577 -1.934 
1.457 1.577 -1.920 
1.457 1.577 -1.904 
1.457 1.577 -1.889 
1.457 1.577 -1.875 
1.457 1.577 -1.859 
1.457 1.577 -1.844 
1.457 1.577 -1.830 
1.457 1.577 -1.814 
1.457 1.577 -1.800 
1.457 1.577 -1.785 
1.457 1.577 -1.769 
1.457 1.577 -1.755 
1.457 1.577 -1.740 
1.457 1.577 -1.680 
1.457 1.577 -1.665 
1.457 1.577 -1.650 
1.457 1.577 -1.635 
1.457 1.577 -1.620 
1.457 1.577 -1.605 
1.457 1.577 -1.590 
1.457 1.577 -1.575 
1.457 1.577 -1.560 
1.457 1.577 -1.545 
1.457 1.577 -1.530 
1.457 1.577 -1.515 
1.457 1.577 -1.500 
1.457 1.577 -1.485 
1.457 1.577 -1.470 
1.457 1.577 -1.455 
1.457 1.577 -1.440 
1.457 1.577 -1.425 
1.457 1.577 -1.410 
1.457 1.577 -1.395 
1.457 1.577 -1.380 
1.457 1.577 -1.365 
1.457 1.577 -1.350 
1.457 1.577 -1.335 
1.457 1.577 -1.320 
1.457 1.577 -1.305 
1.457 1.577 -1.290 
1.457 1.577 -1.275 
1.457 1.577 -1.261 
1.457 1.577 -1.247 
1.457 1.577 -1.234 
1.457 1.577 -1.223 
1.457 1.577 -1.212 
1.457 1.578 -1.203 
1.457 1.578 -1.197 
1.457 1.578 -1.191 
1.457 1.578 -1.187 
1.457 1.579 -1.183 
1.457 1.579 -1.179 
1.457 1.579 -1.174 
1.457 1.579 -1.169 
1.457 1.579 -1.162 
1.457 1.579 -1.153 
1.457 1.579 -1.140 
1.457 1.579 -1.127 
1.457 1.579 -1.111 
1.457 1.579 -1.097 
1.457 1.579 -1.082 
1.457 1.579 -1.066 
1.457 1.579 -1.052 
1.457 1.579 -1.037 
1.457 1.579 -1.022 
1.457 1.579 -1.007 
1.457 1.579 -0.992 
1.457 1.579 -0.977 
1.457 1.579 -0.962 
1.457 1.579 -0.947 
1.457 1.579 -0.932 
1.457 1.579 -0.917 
1.457 1.579 -0.902 
1.457 1.579 -0.887 
1.457 1.579 -0.872 
1.457 1.579 -0.857 
1.457 1.579 -0.842 
1.457 1.579 -0.827 
1.457 1.579 -0.812 
1.457 1.579 -0.797 
1.457 1.579 -0.782 
1.457 1.579 -0.767 
1.457 1.579 -0.752 
1.457 1.579 -0.737 
1.457 1.579 -0.722 
1.457 1.579 -0.707 
1.457 1.579 -0.692 
1.457 1.579 -0.677 
1.457 1.579 -0.662 
1.457 1.579 -0.647 
1.457 1.579 -0.632 
1.457 1.579 -0.617 
1.457 1.579 -0.602 
1.457 1.579 -0.587 
1.457 1.579 -0.572 
1.457 1.579 -0.557 
1.457 1.579 -0.542 
1.457 1.579 -0.527 
1.457 1.579 -0.512 
1.457 1.579 -0.497 
1.457 1.579 -0.482 
1.457 1.579 -0.467 
1.457 1.579 -0.453 
1.457 1.579 -0.437 
1.457 1.579 -0.422 
1.457 1.579 -0.408 
1.457 1.579 -0.392 
1.457 1.579 -0.377 
1.457 1.579 -0.363 
1.457 1.579 -0.347 
1.457 1.579 -0.333 
1.457 1.579 -0.318 
1.457 1.579 -0.302 
1.457 1.579 -0.288 
1.457 1.579 -0.273 
1.457 1.579 -0.257 
1.457 1.579 -0.243 
1.457 1.579 -0.228 
1.457 1.579 -0.213 
1.457 1.579 -0.198 
1.457 1.579 -0.183 
1.457 1.579 -0.169 
1.457 1.579 -0.155 
1.457 1.580 -0.144 
1.457 1.580 -0.134 
1.458 1.580 -0.126 
1.458 1.580 -0.119 
1.458 1.580 -0.113 
1.458 1.580 -0.107 
1.458 1.580 -0.101 
1.458 1.580 -0.094 
1.458 1.580 -0.085 
1.458 1.580 -0.074 
1.458 1.580 -0.060 
1.458 1.580 -0.045 
1.458 1.580 -0.030 
1.458 1.580 -0.015 
1.458 1.580 0.000 
1.458 1.580 0.015 
1.458 1.580 0.030 
1.458 1.580 0.045 
1.458 1.580 0.060 
1.458 1.580 0.075 
1.458 1.580 0.090 
1.458 1.580 0.105 
1.458 1.580 0.120 
1.458 1.580 0.135 
1.458 1.580 0.150 
1.458 1.580 0.165 
1.458 1.580 0.180 
1.458 1.580 0.195 
1.458 1.580 0.210 
1.458 1.580 0.225 
1.458 1.580 0.240 
1.458 1.580 0.255 
1.458 1.580 0.270 
1.458 1.580 0.285 
1.458 1.580 0.300 
1.458 1.580 0.315 
1.458 1.580 0.330 
1.458 1.580 0.345 
1.458 1.580 0.360 
1.458 1.580 0.374 
1.458 1.580 0.390 
1.458 1.580 0.405 
1.458 1.580 0.419 
1.458 1.580 0.435 
1.458 1.580 0.450 
1.458 1.580 0.464 
1.458 1.580 0.480 
1.458 1.580 0.494 
1.458 1.580 0.509 
1.458 1.580 0.525 
1.458 1.580 0.539 
1.458 1.580 0.554 
1.458 1.580 0.570 
1.458 1.580 0.584 
1.458 1.580 0.599 
1.458 1.580 0.614 
1.458 1.580 0.629 
1.458 1.580 0.644 
1.458 1.580 0.659 
1.458 1.580 0.674 
1.458 1.580 0.689 
1.458 1.580 0.704 
1.458 1.580 0.719 
1.458 1.580 0.734 
1.458 1.580 0.749 
1.458 1.580 0.764 
1.458 1.580 0.779 
1.458 1.580 0.794 
1.458 1.580 0.809 
1.458 1.580 0.824 
1.458 1.580 0.839 
1.458 1.580 0.854 
1.458 1.580 0.869 
1.458 1.580 0.884 
1.458 1.580 0.899 
1.458 1.580 0.913 
1.458 1.580 0.927 
1.458 1.580 0.939 
1.458 1.580 0.948 
1.458 1.581 0.956 
1.457 1.581 0.961 
1.457 1.581 0.965 
1.457 1.581 0.968 
1.457 1.581 0.972 
1.456 1.581 0.976 
1.456 1.582 0.980 
1.456 1.582 0.985 
1.456 1.582 0.992 
1.457 1.582 1.002 
1.457 1.582 1.013 
1.457 1.583 1.025 
1.457 1.583 1.039 
1.457 1.583 1.054 
1.457 1.583 1.069 
1.457 1.583 1.084 
1.457 1.583 1.099 
1.457 1.583 1.113 
1.457 1.583 1.129 
1.457 1.583 1.144 
1.457 1.583 1.158 
1.457 1.583 1.174 
1.457 1.583 1.189 
1.457 1.583 1.203 
1.457 1.583 1.219 
1.457 1.583 1.233 
1.457 1.583 1.248 
1.457 1.583 1.264 
1.457 1.583 1.278 
1.457 1.583 1.293 
1.457 1.583 1.308 
1.457 1.583 1.323 
1.457 1.583 1.338 
1.457 1.583 1.353 
1.457 1.583 1.368 
1.457 1.583 1.383 
1.457 1.583 1.398 
1.457 1.583 1.413 
1.457 1.583 1.428 
1.457 1.583 1.443 
1.457 1.583 1.458 
1.457 1.583 1.473 
1.457 1.583 1.488 
1.457 1.583 1.503 
1.457 1.583 1.518 
1.457 1.583 1.533 
1.457 1.583 1.548 
1.457 1.583 1.563 
1.457 1.583 1.578 
1.457 1.583 1.593 
1.457 1.583 1.608 
1.457 1.583 1.623 
1.457 1.583 1.638 
1.457 1.583 1.653 
1.457 1.583 1.668 
1.457 1.583 1.683 
1.457 1.583 1.698 
1.457 1.583 1.713 
1.457 1.583 1.728 
1.457 1.583 1.743 
1.457 1.583 1.758 
1.457 1.583 1.773 
1.457 1.583 1.788 
1.457 1.583 1.803 
1.457 1.583 1.818 
1.457 1.583 1.833 
1.457 1.583 1.848 
1.457 1.583 1.863 
1.457 1.583 1.877 
1.457 1.583 1.893 
1.457 1.583 1.908 
1.457 1.583 1.922 
1.457 1.583 1.937 
1.457 1.583 1.951 
1.457 1.583 1.964 
1.457 1.582 1.977 
1.457 1.582 1.987 
1.457 1.582 1.996 
1.457 1.581 2.004 
1.457 1.581 2.009 
1.457 1.581 2.014 
1.457 1.581 2.018 
1.456 1.581 2.022 
1.456 1.580 2.026 
1.456 1.580 2.031 
1.456 1.580 2.037 
1.456 1.580 2.045 
1.457 1.580 2.057 
1.457 1.580 2.070 
1.457 1.580 2.085 
1.457 1.580 2.100 
1.457 1.580 2.115 
1.457 1.580 2.130 
1.457 1.580 2.145 
1.457 1.580 2.160 
1.457 1.580 2.175 
1.457 1.580 2.190 
1.457 1.580 2.205 
1.457 1.580 2.220 
1.457 1.580 2.235 
1.457 1.580 2.250 
1.457 1.580 2.265 
1.457 1.580 2.280 
1.457 1.580 2.295 
1.457 1.580 2.310 
1.457 1.580 2.325 
1.457 1.580 2.340 
1.457 1.580 2.355 
1.457 1.580 2.370 
1.457 1.580 2.385 
1.457 1.580 2.400 
1.457 1.580 2.415 
1.457 1.580 2.430 
1.457 1.580 2.445 
1.457 1.580 2.460 
1.457 1.580 2.475 
1.457 1.580 2.490 
1.457 1.580 2.505 
1.457 1.580 2.520 
1.457 1.580 2.535 
1.457 1.580 2.550 
1.457 1.580 2.565 
1.457 1.580 2.579 
1.457 1.580 2.595 
1.456 1.580 2.610 
1.456 1.580 2.624 
1.456 1.580 2.640 
1.456 1.580 2.655 
1.456 1.580 2.669 
1.456 1.580 2.685 
1.456 1.580 2.700 
1.456 1.580 2.714 
1.456 1.580 2.730 
1.456 1.580 2.744 
1.456 1.580 2.759 
1.456 1.580 2.775 
1.456 1.580 2.789 
1.456 1.580 2.804 
1.456 1.580 2.820 
1.456 1.580 2.834 
1.456 1.580 2.849 
1.456 1.580 2.864 
1.456 1.580 2.879 
1.456 1.580 2.894 
1.456 1.580 2.909 
1.456 1.580 2.924 
1.456 1.580 2.939 
1.456 1.580 2.954 
1.456 1.580 2.969 
1.456 1.580 2.984 
1.456 1.580 2.999 
1.456 1.580 3.014 
1.456 1.580 3.028 
1.456 1.580 3.042 
1.456 1.580 3.055 
1.456 1.580 3.065 
1.456 1.580 3.074 
1.456 1.579 3.081 
1.456 1.579 3.087 
1.456 1.579 3.093 
1.456 1.579 3.099 
1.456 1.579 3.106 
1.456 1.579 3.114 
1.456 1.579 3.125 
1.456 1.579 3.138 
1.456 1.579 -3.130 
1.456 1.579 -3.116 
1.456 1.579 -3.101 
1.456 1.579 -3.085 
1.456 1.579 -3.071 
1.456 1.579 -3.056 
1.456 1.579 -3.041 
1.456 1.579 -3.026 
1.456 1.579 -3.011 
1.456 1.579 -2.996 
1.456 1.579 -2.981 
1.456 1.579 -2.966 
1.456 1.579 -2.951 
1.456 1.579 -2.936 
1.456 1.579 -2.921 
1.456 1.579 -2.906 
1.456 1.579 -2.891 
1.456 1.579 -2.876 
1.456 1.579 -2.861 
1.456 1.579 -2.846 
1.456 1.579 -2.831 
1.456 1.579 -2.816 
1.456 1.579 -2.801 
1.456 1.579 -2.786 
1.456 1.579 -2.771 
1.456 1.579 -2.756 
1.456 1.579 -2.741 
1.456 1.579 -2.726 
1.456 1.579 -2.711 
1.456 1.579 -2.696 
1.456 1.579 -2.681 
1.456 1.579 -2.666 
1.456 1.579 -2.651 
1.456 1.579 -2.636 
1.456 1.579 -2.621 
1.456 1.579 -2.606 
1.456 1.579 -2.591 
1.456 1.579 -2.576 
1.456 1.579 -2.561 
1.456 1.579 -2.546 
1.456 1.579 -2.531 
1.456 1.579 -2.516 
1.456 1.579 -2.501 
1.456 1.579 -2.486 
1.456 1.579 -2.472 
1.456 1.579 -2.456 
1.456 1.579 -2.441 
1.456 1.579 -2.427 
1.456 1.579 -2.411 
1.456 1.579 -2.396 
1.456 1.579 -2.382 
1.456 1.579 -2.366 
1.456 1.579 -2.352 
1.456 1.579 -2.337 
1.456 1.579 -2.321 
1.456 1.579 -2.307 
1.456 1.579 -2.292 
1.456 1.579 -2.276 
1.456 1.579 -2.262 
1.456 1.579 -2.247 
1.456 1.579 -2.232 
1.456 1.579 -2.217 
1.456 1.579 -2.202 
1.456 1.579 -2.187 
1.456 1.579 -2.172 
1.456 1.579 -2.158 
1.456 1.579 -2.145 
1.456 1.579 -2.135 
1.456 1.579 -2.127 
1.457 1.579 -2.121 
1.457 1.578 -2.117 
1.457 1.578 -2.113 
1.457 1.578 -2.109 
1.458 1.578 -2.105 
1.458 1.578 -2.101 
1.458 1.578 -2.095 
1.458 1.577 -2.088 
1.458 1.577 -2.079 
1.457 1.577 -2.068 
1.457 1.576 -2.056 
1.457 1.576 -2.043 
1.457 1.576 -2.029 
1.457 1.576 -2.014 
1.457 1.576 -1.999 
1.457 1.576 -1.984 
1.457 1.576 -1.969 
1.457 1.576 -1.954 
1.457 1.576 -1.939 
1.457 1.576 -1.924 
1.457 1.576 -1.909 
1.457 1.576 -1.894 
1.457 1.576 -1.879 
1.457 1.576 -1.864 
1.457 1.576 -1.849 
1.457 1.576 -1.834 
1.457 1.576 -1.819 
1.457 1.576 -1.804 
1.457 1.576 -1.789 
1.457 1.576 -1.774 
1.457 1.576 -1.759 
1.457 1.576 -1.744 
1.457 1.576 -1.729 
1.457 1.576 -1.714 
1.457 1.576 -1.699 
1.457 1.576 -1.684 
1.457 1.576 -1.669 
1.457 1.576 -1.654 
1.457 1.576 -1.639 
1.457 1.576 -1.624 
1.457 1.576 -1.609 
1.457 1.576 -1.594 
1.457 1.576 -1.579 
1.457 1.576 -1.564 
1.457 1.576 -1.549 
1.457 1.576 -1.534 
1.457 1.576 -1.519 
1.457 1.576 -1.504 
1.457 1.576 -1.489 
1.457 1.576 -1.474 
1.457 1.576 -1.460 
1.457 1.576 -1.444 
1.457 1.576 -1.429 
1.457 1.576 -1.415 
1.457 1.576 -1.399 
1.457 1.576 -1.384 
1.457 1.576 -1.370 
1.457 1.576 -1.354 
1.457 1.576 -1.339 
1.457 1.576 -1.325 
1.457 1.576 -1.309 
1.457 1.576 -1.295 
1.457 1.576 -1.280 
1.457 1.576 -1.264 
1.457 1.576 -1.250 
1.457 1.576 -1.235 
1.457 1.576 -1.220 
1.457 1.576 -1.205 
1.457 1.576 -1.190 
1.457 1.576 -1.175 
1.457 1.576 -1.160 
1.457 1.576 -1.145 
1.457 1.576 -1.131 
1.457 1.576 -1.117 
1.457 1.577 -1.105 
1.457 1.577 -1.093 
1.457 1.577 -1.084 
1.457 1.578 -1.077 
1.457 1.578 -1.070 
1.457 1.578 -1.065 
1.457 1.578 -1.061 
1.457 1.578 -1.057 
1.458 1.579 -1.053 
1.458 1.579 -1.049 
1.458 1.579 -1.044 
1.458 1.579 -1.036 
1.458 1.579 -1.027 
1.458 1.579 -1.014 
1.458 1.579 -0.999 
1.458 1.579 -0.984 
1.458 1.579 -0.969 
1.458 1.579 -0.954 
1.458 1.579 -0.939 
1.458 1.579 -0.924 
1.458 1.579 -0.909 
1.458 1.579 -0.894 
1.458 1.579 -0.879 
1.458 1.579 -0.864 
1.458 1.579 -0.849 
1.458 1.579 -0.834 
1.458 1.579 -0.819 
1.458 1.579 -0.804 
1.458 1.579 -0.789 
1.458 1.579 -0.774 
1.458 1.579 -0.759 
1.458 1.579 -0.744 
1.458 1.579 -0.729 
1.458 1.579 -0.714 
1.458 1.579 -0.699 
1.458 1.579 -0.684 
1.458 1.579 -0.669 
1.458 1.579 -0.654 
1.458 1.579 -0.639 
1.458 1.579 -0.624 
1.458 1.579 -0.609 
1.458 1.579 -0.594 
1.458 1.579 -0.580 
1.458 1.579 -0.564 
1.458 1.579 -0.549 
1.458 1.579 -0.535 
1.458 1.579 -0.519 
1.458 1.579 -0.504 
1.458 1.579 -0.490 
1.458 1.579 -0.474 
1.458 1.579 -0.460 
1.458 1.579 -0.445 
1.458 1.579 -0.429 
1.458 1.579 -0.415 
1.458 1.579 -0.400 
1.458 1.579 -0.384 
1.458 1.579 -0.370 
1.458 1.579 -0.355 
1.458 1.579 -0.340 
1.458 1.579 -0.325 
1.458 1.579 -0.310 
1.458 1.579 -0.295 
1.458 1.579 -0.280 
1.458 1.579 -0.265 
1.458 1.579 -0.250 
1.458 1.579 -0.235 
1.458 1.579 -0.220 
1.458 1.579 -0.205 
1.458 1.579 -0.190 
1.458 1.579 -0.175 
1.458 1.579 -0.160 
1.458 1.579 -0.145 
1.458 1.579 -0.130 
1.458 1.579 -0.115 
1.458 1.579 -0.100 
1.458 1.579 -0.085 
1.458 1.579 -0.070 
1.458 1.579 -0.056 
1.457 1.579 -0.043 
1.457 1.579 -0.030 
1.457 1.579 -0.019 
1.457 1.579 -0.010 
1.457 1.580 -0.003 
1.457 1.580 0.003 
1.457 1.580 0.009 
1.457 1.580 0.014 
1.457 1.580 0.021 
1.457 1.580 0.028 
1.457 1.580 0.038 
1.457 1.580 0.050 
1.457 1.580 0.065 
1.457 1.580 0.080 
1.457 1.580 0.095 
1.457 1.580 0.110 
1.457 1.580 0.125 
1.457 1.580 0.140 
1.457 1.580 0.154 
1.457 1.580 0.170 
1.457 1.580 0.185 
1.457 1.580 0.199 
1.457 1.580 0.215 
1.457 1.580 0.230 
1.457 1.580 0.244 
1.457 1.580 0.260 
1.457 1.580 0.274 
1.457 1.580 0.289 
1.457 1.580 0.305 
1.457 1.580 0.319 
1.457 1.580 0.334 
1.457 1.580 0.350 
1.457 1.580 0.364 
1.457 1.580 0.379 
1.457 1.580 0.394 
1.457 1.580 0.409 
1.457 1.580 0.424 
1.457 1.580 0.439 
1.457 1.580 0.454 
1.457 1.580 0.469 
1.457 1.580 0.484 
1.457 1.580 0.499 
1.457 1.580 0.514 
1.457 1.580 0.529 
1.457 1.580 0.544 
1.457 1.580 0.559 
1.457 1.580 0.574 
1.457 1.580 0.589 
1.457 1.580 0.604 
1.457 1.580 0.619 
1.457 1.580 0.634 
1.457 1.580 0.649 
1.457 1.580 0.664 
1.457 1.580 0.679 
1.457 1.580 0.694 
1.457 1.580 0.709 
1.457 1.580 0.724 
1.457 1.580 0.739 
1.457 1.580 0.754 
1.457 1.580 0.769 
1.457 1.580 0.784 
1.457 1.580 0.799 
1.457 1.580 0.814 
1.457 1.580 0.829 
1.457 1.580 0.844 
1.457 1.580 0.859 
1.457 1.580 0.874 
1.457 1.580 0.889 
1.457 1.580 0.904 
1.457 1.580 0.919 
1.457 1.580 0.934 
1.457 1.580 0.949 
1.457 1.580 0.963 
1.457 1.580 0.979 
1.457 1.580 0.994 
1.457 1.580 1.008 
1.457 1.580 1.023 
1.457 1.580 1.038 
1.457 1.580 1.051 
1.457 1.580 1.062 
1.457 1.580 1.071 
1.457 1.580 1.078 
1.457 1.581 1.083 
1.456 1.581 1.087 
1.456 1.581 1.091 
1.456 1.581 1.096 
1.456 1.581 1.101 
1.456 1.582 1.106 
1.456 1.582 1.114 
1.456 1.582 1.123 
1.456 1.582 1.134 
1.456 1.583 1.146 
1.456 1.583 1.159 
1.457 1.583 1.172 
1.457 1.583 1.187 
1.457 1.583 1.202 
1.457 1.583 1.217 
1.457 1.583 1.232 
1.457 1.583 1.247 
1.457 1.583 1.262 
1.457 1.583 1.277 
1.457 1.583 1.292 
1.457 1.583 1.307 
1.457 1.583 1.322 
1.457 1.583 1.337 
1.457 1.583 1.352 
1.457 1.583 1.367 
1.456 1.583 1.382 
1.456 1.583 1.397 
1.456 1.583 1.412 
1.456 1.583 1.427 
1.456 1.583 1.442 
1.456 1.583 1.457 
1.456 1.583 1.472 
1.456 1.583 1.487 
1.456 1.583 1.502 
1.456 1.583 1.517 
1.456 1.583 1.532 
1.456 1.583 1.547 
1.456 1.583 1.562 
1.456 1.583 1.577 
1.456 1.583 1.592 
1.456 1.583 1.607 
1.456 1.583 1.621 
1.456 1.583 1.637 
1.456 1.583 1.652 
1.456 1.583 1.666 
1.456 1.583 1.682 
1.456 1.583 1.697 
1.456 1.583 1.711 
1.456 1.583 1.727 
1.456 1.583 1.741 
1.456 1.583 1.756 
1.456 1.583 1.772 
1.456 1.583 1.786 
1.456 1.583 1.801 
1.456 1.583 1.817 
1.456 1.583 1.831 
1.456 1.583 1.846 
1.456 1.583 1.861 
1.456 1.583 1.876 
1.456 1.583 1.891 
1.456 1.583 1.906 
1.456 1.583 1.921 
1.456 1.583 1.936 
1.456 1.583 1.951 
1.456 1.583 1.966 
1.456 1.583 1.981 
1.456 1.583 1.996 
1.456 1.583 2.011 
1.456 1.583 2.026 
1.456 1.583 2.041 
1.456 1.583 2.056 
1.456 1.583 2.070 
1.456 1.583 2.084 
1.457 1.583 2.097 
1.457 1.582 2.109 
1.457 1.582 2.119 
1.457 1.582 2.127 
1.457 1.581 2.133 
1.457 1.581 2.138 
1.456 1.581 2.142 
1.456 1.581 2.146 
1.456 1.581 2.150 
1.456 1.581 2.154 
1.456 1.581 2.158 
1.456 1.581 2.165 
1.456 1.580 2.173 
1.456 1.580 2.185 
1.456 1.580 2.200 
1.456 1.580 2.214 
1.456 1.580 2.229 
1.456 1.580 2.245 
1.456 1.580 2.259 
1.456 1.580 2.274 
1.456 1.580 2.289 
1.456 1.580 2.304 
1.456 1.580 2.319 
1.456 1.580 2.334 
1.456 1.580 2.349 
1.456 1.580 2.364 
1.456 1.580 2.379 
1.456 1.580 2.394 
1.456 1.580 2.409 
1.456 1.580 2.424 
1.456 1.580 2.439 
1.456 1.580 2.454 
1.456 1.580 2.469 
1.456 1.580 2.484 
1.456 1.580 2.499 
1.456 1.580 2.514 
1.456 1.580 2.529 
1.456 1.580 2.544 
1.456 1.580 2.559 
1.456 1.580 2.574 
1.456 1.580 2.589 
1.456 1.580 2.604 
1.456 1.580 2.619 
1.456 1.580 2.634 
1.456 1.580 2.649 
1.456 1.580 2.664 
1.456 1.580 2.679 
1.456 1.580 2.694 
1.456 1.580 2.709 
1.456 1.580 2.724 
1.456 1.580 2.739 
1.456 1.580 2.754 
1.456 1.580 2.769 
1.456 1.580 2.784 
1.456 1.580 2.799 
1.456 1.580 2.814 
1.456 1.580 2.829 
1.456 1.580 2.844 
1.456 1.580 2.858 
1.456 1.580 2.874 
1.456 1.580 2.889 
1.456 1.580 2.903 
1.456 1.580 2.919 
1.456 1.580 2.934 
1.456 1.580 2.948 
1.456 1.580 2.964 
1.456 1.580 2.978 
1.456 1.580 2.993 
1.456 1.580 3.009 
1.456 1.580 3.023 
1.456 1.580 3.038 
1.456 1.580 3.053 
1.456 1.580 3.068 
1.456 1.580 3.083 
1.456 1.580 3.098 
1.456 1.580 3.113 
1.456 1.580 3.128 
1.456 1.580 -3.141 
1.456 1.580 -3.127 
1.456 1.580 -3.114 
1.456 1.580 -3.102 
1.456 1.580 -3.093 
1.456 1.580 -3.085 
1.457 1.580 -3.079 
1.457 1.580 -3.073 
1.457 1.579 -3.067 
1.457 1.579 -3.061 
1.457 1.579 -3.054 
1.457 1.579 -3.045 
1.457 1.579 -3.033 
1.457 1.579 -3.019 
1.457 1.579 -3.004 
1.457 1.579 -2.989 
1.457 1.579 -2.974 
1.457 1.579 -2.959 
1.457 1.579 -2.944 
1.457 1.579 -2.929 
1.457 1.579 -2.914 
1.457 1.579 -2.899 
1.457 1.579 -2.884 
1.457 1.579 -2.869 
1.457 1.579 -2.854 
1.457 1.579 -2.839 
1.457 1.579 -2.824 
1.457 1.579 -2.809 
1.457 1.579 -2.794 
1.457 1.579 -2.779 
1.457 1.579 -2.764 
1.457 1.579 -2.749 
1.457 1.579 -2.735 
1.457 1.579 -2.719 
1.457 1.579 -2.704 
1.457 1.579 -2.690 
1.457 1.579 -2.674 
1.457 1.579 -2.659 
1.457 1.579 -2.645 
1.457 1.579 -2.629 
1.457 1.579 -2.615 
1.457 1.579 -2.600 
1.457 1.579 -2.584 
1.457 1.579 -2.570 
1.457 1.579 -2.555 
1.457 1.579 -2.539 
1.457 1.579 -2.525 
1.457 1.579 -2.510 
1.457 1.579 -2.495 
1.457 1.579 -2.480 
1.457 1.579 -2.465 
1.457 1.579 -2.450 
1.457 1.579 -2.435 
1.457 1.579 -2.420 
1.457 1.579 -2.405 
1.457 1.579 -2.390 
1.457 1.579 -2.375 
1.457 1.579 -2.360 
1.457 1.579 -2.345 
1.457 1.579 -2.330 
1.457 1.579 -2.315 
1.457 1.579 -2.300 
1.457 1.579 -2.285 
1.457 1.579 -2.270 
1.457 1.579 -2.255 
1.457 1.579 -2.240 
1.457 1.579 -2.225 
1.457 1.579 -2.210 
1.457 1.579 -2.195 
1.457 1.579 -2.180 
1.457 1.579 -2.165 
1.457 1.579 -2.150 
1.457 1.579 -2.135 
1.457 1.579 -2.120 
1.457 1.579 -2.105 
1.457 1.579 -2.090 
1.457 1.579 -2.075 
1.457 1.579 -2.061 
1.457 1.579 -2.046 
1.457 1.579 -2.032 
1.457 1.579 -2.020 
1.457 1.579 -2.010 
1.457 1.579 -2.003 
1.457 1.579 -1.997 
1.457 1.579 -1.992 
1.458 1.578 -1.988 
1.458 1.578 -1.983 
1.458 1.578 -1.977 
1.458 1.578 -1.971 
1.458 1.578 -1.963 
1.458 1.577 -1.953 
1.458 1.577 -1.942 
1.458 1.577 -1.929 
1.458 1.577 -1.916 
1.457 1.577 -1.902 
1.457 1.577 -1.888 
1.457 1.577 -1.872 
1.457 1.577 -1.857 
1.458 1.577 -1.843 
1.458 1.577 -1.827 
1.458 1.577 -1.813 
1.458 1.577 -1.798 
1.458 1.577 -1.782 
1.458 1.577 -1.768 
1.458 1.577 -1.753 
1.458 1.577 -1.737 
1.458 1.577 -1.723 
1.458 1.577 -1.708 
1.458 1.577 -1.693 
1.458 1.577 -1.678 
1.458 1.577 -1.663 
1.458 1.577 -1.648 
1.458 1.577 -1.633 
1.458 1.577 -1.618 
1.458 1.577 -1.603 
1.458 1.577 -1.588 
1.458 1.577 -1.573 
1.458 1.577 -1.558 
1.458 1.577 -1.543 
1.458 1.577 -1.528 
1.458 1.577 -1.513 
1.458 1.577 -1.498 
1.458 1.577 -1.483 
1.458 1.577 -1.468 
1.458 1.577 -1.453 
1.458 1.577 -1.438 
1.458 1.577 -1.423 
1.458 1.577 -1.408 
1.458 1.577 -1.393 
1.458 1.577 -1.378 
1.458 1.577 -1.363 
1.458 1.577 -1.348 
1.458 1.577 -1.333 
1.458 1.577 -1.318 
1.458 1.577 -1.303 
1.458 1.577 -1.288 
1.458 1.577 -1.273 
1.458 1.577 -1.258 
1.458 1.577 -1.243 
1.458 1.577 -1.228 
1.458 1.577 -1.213 
1.458 1.577 -1.198 
1.458 1.577 -1.183 
1.458 1.577 -1.168 
1.458 1.577 -1.153 
1.458 1.577 -1.138 
1.458 1.577 -1.124 
1.458 1.577 -1.108 
1.458 1.577 -1.093 
1.458 1.577 -1.079 
1.458 1.577 -1.063 
1.458 1.577 -1.048 
1.458 1.577 -1.034 
1.458 1.577 -1.018 
1.458 1.577 -1.004 
1.458 1.577 -0.990 
1.458 1.577 -0.976 
1.457 1.577 -0.964 
1.457 1.577 -0.954 
1.457 1.578 -0.945 
1.457 1.578 -0.939 
1.457 1.578 -0.934 
1.458 1.579 -0.929 
1.458 1.579 -0.926 
1.458 1.579 -0.923 
1.458 1.579 -0.919 
1.458 1.579 -0.915 
1.458 1.579 -0.910 
1.458 1.579 -0.902 
1.458 1.579 -0.892 
1.459 1.579 -0.879 
1.459 1.579 -0.864 
1.459 1.579 -0.849 
1.459 1.579 -0.834 
1.459 1.579 -0.819 
1.459 1.579 -0.804 
1.459 1.579 -0.789 
1.459 1.579 -0.774 
1.459 1.579 -0.759 
1.459 1.579 -0.744 
1.459 1.579 -0.729 
1.459 1.579 -0.714 
1.459 1.579 -0.699 
1.459 1.579 -0.684 
1.459 1.579 -0.669 
1.459 1.579 -0.654 
1.459 1.579 -0.639 
1.459 1.579 -0.624 
1.459 1.579 -0.609 
1.459 1.579 -0.594 
1.459 1.579 -0.579 
1.459 1.579 -0.564 
1.459 1.579 -0.549 
1.459 1.579 -0.534 
1.459 1.579 -0.519 
1.459 1.579 -0.504 
1.459 1.579 -0.489 
1.459 1.579 -0.475 
1.459 1.579 -0.459 
1.459 1.579 -0.444 
1.459 1.579 -0.430 
1.459 1.579 -0.414 
1.459 1.579 -0.399 
1.459 1.579 -0.385 
1.459 1.579 -0.369 
1.459 1.579 -0.355 
1.459 1.579 -0.340 
1.459 1.579 -0.324 
1.459 1.579 -0.310 
1.459 1.579 -0.295 
1.459 1.579 -0.279 
1.459 1.579 -0.265 
1.459 1.579 -0.250 
1.459 1.579 -0.235 
1.459 1.579 -0.220 
1.459 1.579 -0.205 
1.459 1.579 -0.190 
1.459 1.579 -0.175 
1.459 1.579 -0.160 
1.459 1.579 -0.145 
1.459 1.579 -0.130 
1.459 1.579 -0.115 
1.459 1.579 -0.100 
1.459 1.579 -0.085 
1.459 1.579 -0.070 
1.459 1.579 -0.055 
1.459 1.579 -0.040 
1.459 1.579 -0.025 
1.459 1.579 -0.010 
1.459 1.579 0.005 
1.459 1.579 0.020 
1.459 1.579 0.035 
1.459 1.579 0.050 
1.459 1.579 0.064 
1.459 1.579 0.079 
1.458 1.579 0.092 
1.458 1.579 0.104 
1.458 1.579 0.114 
1.458 1.579 0.122 
1.458 1.579 0.129 
1.458 1.580 0.135 
1.458 1.580 0.140 
1.458 1.580 0.146 
1.458 1.580 0.153 
1.458 1.580 0.161 
1.458 1.580 0.172 
1.457 1.580 0.185 
1.457 1.580 0.200 
1.457 1.580 0.215 
1.457 1.580 0.230 
1.457 1.580 0.245 
1.457 1.580 0.260 
1.457 1.580 0.275 
1.457 1.580 0.290 
1.457 1.580 0.305 
1.457 1.580 0.320 
1.457 1.580 0.335 
1.457 1.580 0.350 
1.457 1.580 0.365 
1.457 1.580 0.380 
1.457 1.580 0.395 
1.457 1.580 0.410 
1.457 1.580 0.425 
1.457 1.580 0.440 
1.457 1.580 0.455 
1.457 1.580 0.470 
1.457 1.580 0.484 
1.457 1.580 0.500 
1.457 1.580 0.515 
1.457 1.580 0.529 
1.457 1.580 0.545 
1.457 1.580 0.560 
1.457 1.580 0.574 
1.457 1.580 0.590 
1.457 1.580 0.604 
1.457 1.580 0.619 
1.457 1.580 0.635 
1.457 1.580 0.649 
1.457 1.580 0.664 
1.457 1.580 0.680 
1.457 1.580 0.694 
1.457 1.580 0.709 
1.457 1.580 0.724 
1.457 1.580 0.739 
1.457 1.580 0.754 
1.457 1.580 0.769 
1.457 1.580 0.784 
1.457 1.580 0.799 
1.457 1.580 0.814 
1.457 1.580 0.829 
1.457 1.580 0.844 
1.457 1.580 0.859 
1.457 1.580 0.874 
1.457 1.580 0.889 
1.457 1.580 0.904 
1.457 1.580 0.919 
1.457 1.580 0.934 
1.457 1.580 0.949 
1.457 1.580 0.964 
1.457 1.580 0.979 
1.457 1.580 0.994 
1.457 1.580 1.009 
1.457 1.580 1.024 
1.457 1.580 1.039 
1.457 1.580 1.054 
1.457 1.580 1.069 
1.457 1.580 1.084 
1.457 1.580 1.099 
1.457 1.580 1.114 
1.457 1.580 1.129 
1.457 1.580 1.144 
1.457 1.580 1.158 
1.457 1.580 1.173 
1.457 1.580 1.185 
1.457 1.580 1.196 
1.457 1.580 1.204 
1.457 1.580 1.211 
1.457 1.581 1.216 
1.456 1.581 1.221 
1.456 1.581 1.226 
1.456 1.581 1.232 
1.456 1.581 1.238 
1.456 1.581 1.247 
1.456 1.582 1.257 
1.456 1.582 1.270 
1.456 1.582 1.283 
1.456 1.582 1.296 
1.456 1.582 1.311 
1.456 1.582 1.326 
1.456 1.582 1.340 
1.456 1.582 1.356 
1.456 1.582 1.370 
1.456 1.582 1.385 
1.456 1.582 1.401 
1.456 1.582 1.415 
1.456 1.582 1.430 
1.456 1.582 1.446 
1.456 1.582 1.460 
1.456 1.582 1.475 
1.456 1.582 1.490 
1.456 1.582 1.505 
1.456 1.582 1.520 
1.456 1.582 1.535 
1.456 1.582 1.550 
1.456 1.582 1.565 
1.456 1.582 1.580 
1.456 1.582 1.595 
1.456 1.582 1.610 
1.456 1.582 1.625 
1.456 1.582 1.640 
1.456 1.582 1.655 
1.456 1.582 1.670 
1.456 1.582 1.685 
1.456 1.582 1.700 
1.456 1.582 1.715 
1.456 1.582 1.730 
1.456 1.582 1.745 
1.456 1.582 1.760 
1.456 1.582 1.775 
1.456 1.582 1.790 
1.456 1.582 1.805 
1.456 1.582 1.820 
1.456 1.582 1.835 
1.456 1.582 1.850 
1.456 1.582 1.865 
1.456 1.582 1.880 
1.456 1.582 1.895 
1.456 1.582 1.910 
1.456 1.582 1.925 
1.456 1.582 1.940 
1.456 1.582 1.955 
1.456 1.582 1.970 
1.456 1.582 1.985 
1.456 1.582 2.000 
1.456 1.582 2.015 
1.456 1.582 2.030 
1.456 1.582 2.045 
1.456 1.582 2.059 
1.456 1.582 2.075 
1.456 1.582 2.090 
1.456 1.582 2.104 
1.456 1.582 2.120 
1.456 1.582 2.135 
1.456 1.582 2.149 
1.456 1.582 2.165 
1.456 1.582 2.179 
1.456 1.582 2.194 
1.456 1.582 2.209 
1.456 1.582 2.224 
1.456 1.582 2.237 
1.456 1.582 2.251 
1.457 1.582 2.261 
1.457 1.581 2.270 
1.457 1.581 2.277 
1.456 1.581 2.282 
1.456 1.581 2.286 
1.456 1.580 2.290 
1.456 1.580 2.293 
1.456 1.580 2.296 
1.455 1.580 2.300 
1.455 1.580 2.305 
1.455 1.580 2.312 
1.455 1.580 2.321 
1.455 1.580 2.333 
1.455 1.580 2.347 
1.455 1.580 2.362 
1.455 1.580 2.377 
1.455 1.580 2.392 
1.455 1.580 2.407 
1.455 1.580 2.422 
1.455 1.580 2.437 
1.455 1.580 2.452 
1.455 1.580 2.467 
1.455 1.580 2.482 
1.455 1.580 2.497 
1.455 1.580 2.512 
1.455 1.580 2.527 
1.455 1.580 2.542 
1.455 1.580 2.557 
1.455 1.580 2.572 
1.455 1.580 2.587 
1.455 1.580 2.602 
1.455 1.580 2.617 
1.455 1.580 2.632 
1.455 1.580 2.647 
1.455 1.580 2.662 
1.455 1.580 2.677 
1.455 1.580 2.692 
1.455 1.580 2.707 
1.455 1.580 2.722 
1.455 1.580 2.737 
1.455 1.580 2.752 
1.455 1.580 2.767 
1.455 1.580 2.782 
1.455 1.580 2.797 
1.455 1.580 2.812 
1.455 1.580 2.827 
1.455 1.580 2.841 
1.455 1.580 2.857 
1.455 1.580 2.872 
1.455 1.580 2.886 
1.455 1.580 2.902 
1.455 1.580 2.917 
1.455 1.580 2.931 
1.455 1.580 2.947 
1.455 1.580 2.961 
1.455 1.580 2.976 
1.455 1.580 2.992 
1.455 1.580 3.006 
1.455 1.580 3.021 
1.455 1.580 3.037 
1.455 1.580 3.051 
1.455 1.580 3.066 
1.455 1.580 3.081 
1.455 1.580 3.096 
1.455 1.580 3.111 
1.455 1.580 3.126 
1.455 1.580 3.141 
1.455 1.580 -3.127 
1.455 1.580 -3.112 
1.455 1.580 -3.097 
1.455 1.580 -3.082 
1.455 1.580 -3.067 
1.455 1.580 -3.052 
1.455 1.580 -3.037 
1.455 1.580 -3.022 
1.455 1.580 -3.008 
1.455 1.580 -2.994 
1.455 1.580 -2.980 
1.455 1.580 -2.968 
1.455 1.580 -2.958 
1.456 1.580 -2.949 
1.456 1.580 -2.942 
1.456 1.580 -2.936 
1.456 1.580 -2.931 
1.456 1.579 -2.926 
1.456 1.579 -2.920 
1.456 1.579 -2.912 
1.456 1.579 -2.903 
1.456 1.579 -2.891 
1.456 1.580 -2.877 
1.457 1.580 -2.863 
1.457 1.580 -2.848 
1.457 1.580 -2.833 
1.457 1.580 -2.818 
1.457 1.580 -2.803 
1.457 1.580 -2.788 
1.457 1.580 -2.773 
1.457 1.580 -2.758 
1.457 1.579 -2.743 
1.457 1.579 -2.728 
1.457 1.579 -2.713 
1.457 1.579 -2.698 
1.457 1.579 -2.683 
1.457 1.579 -2.668 
1.457 1.579 -2.653 
1.457 1.579 -2.638 
1.457 1.579 -2.623 
1.457 1.579 -2.608 
1.457 1.579 -2.593 
1.457 1.579 -2.578 
1.457 1.579 -2.563 
1.457 1.579 -2.548 
1.457 1.579 -2.534 
1.457 1.579 -2.518 
1.457 1.579 -2.503 
1.457 1.579 -2.489 
1.457 1.579 -2.473 
1.457 1.579 -2.458 
1.457 1.579 -2.444 
1.457 1.579 -2.428 
1.457 1.579 -2.414 
1.457 1.579 -2.399 
1.457 1.579 -2.383 
1.457 1.579 -2.369 
1.457 1.579 -2.354 
1.457 1.579 -2.338 
1.457 1.579 -2.324 
1.457 1.579 -2.309 
1.457 1.579 -2.294 
1.457 1.579 -2.279 
1.457 1.579 -2.264 
1.457 1.579 -2.249 
1.457 1.579 -2.234 
1.457 1.579 -2.219 
1.457 1.579 -2.204 
1.457 1.579 -2.189 
1.457 1.579 -2.174 
1.457 1.579 -2.159 
1.457 1.579 -2.144 
1.457 1.579 -2.129 
1.457 1.579 -2.114 
1.457 1.579 -2.099 
1.457 1.579 -2.084 
1.457 1.579 -2.069 
1.457 1.579 -2.054 
1.457 1.579 -2.039 
1.457 1.579 -2.024 
1.457 1.579 -2.009 
1.457 1.579 -1.994 
1.457 1.579 -1.979 
1.457 1.579 -1.964 
1.457 1.579 -1.949 
1.457 1.579 -1.934 
1.457 1.579 -1.919 
1.457 1.579 -1.905 
1.457 1.579 -1.892 
1.457 1.579 -1.880 
1.457 1.579 -1.871 
1.457 1.579 -1.864 
1.457 1.579 -1.858 
1.457 1.579 -1.853 
1.458 1.578 -1.847 
1.458 1.578 -1.842 
1.458 1.578 -1.835 
1.458 1.578 -1.826 
1.458 1.578 -1.816 
1.458 1.578 -1.803 
1.458 1.578 -1.789 
1.458 1.578 -1.775 
1.458 1.578 -1.760 
1.458 1.578 -1.745 
1.458 1.578 -1.730 
1.458 1.578 -1.715 
1.458 1.578 -1.700 
1.458 1.578 -1.685 
1.458 1.578 -1.670 
1.458 1.578 -1.655 
1.458 1.578 -1.640 
1.458 1.578 -1.625 
1.458 1.578 -1.610 
1.458 1.578 -1.595 
1.458 1.578 -1.580 
1.458 1.578 -1.565 
1.458 1.578 -1.550 
1.458 1.578 -1.535 
1.458 1.578 -1.520 
1.458 1.578 -1.505 
1.458 1.578 -1.490 
1.458 1.578 -1.475 
1.458 1.578 -1.460 
1.458 1.578 -1.445 
1.458 1.578 -1.430 
1.458 1.578 -1.415 
1.458 1.578 -1.400 
1.458 1.578 -1.385 
1.458 1.578 -1.370 
1.458 1.578 -1.356 
1.458 1.578 -1.340 
1.458 1.578 -1.325 
1.458 1.578 -1.311 
1.458 1.578 -1.295 
1.458 1.578 -1.280 
1.458 1.578 -1.266 
1.458 1.578 -1.250 
1.458 1.578 -1.236 
1.458 1.578 -1.221 
1.458 1.578 -1.205 
1.458 1.578 -1.191 
1.458 1.578 -1.176 
1.458 1.578 -1.160 
1.458 1.578 -1.146 
1.458 1.578 -1.131 
1.458 1.578 -1.116 
1.458 1.578 -1.101 
1.458 1.578 -1.086 
1.458 1.578 -1.071 
1.458 1.578 -1.056 
1.458 1.578 -1.041 
1.458 1.578 -1.026 
1.458 1.578 -1.011 
1.458 1.578 -0.996 
1.458 1.578 -0.981 
1.458 1.578 -0.966 
1.458 1.578 -0.951 
1.458 1.578 -0.936 
1.458 1.578 -0.921 
1.458 1.578 -0.906 
1.458 1.578 -0.891 
1.458 1.578 -0.876 
1.458 1.578 -0.861 
1.458 1.578 -0.846 
1.458 1.578 -0.832 
1.458 1.578 -0.819 
1.458 1.578 -0.807 
1.457 1.578 -0.798 
1.458 1.578 -0.791 
1.458 1.579 -0.785 
1.458 1.579 -0.781 
1.458 1.579 -0.778 
1.458 1.579 -0.774 
1.458 1.580 -0.771 
1.459 1.580 -0.767 
1.459 1.580 -0.762 
1.459 1.580 -0.756 
1.459 1.580 -0.748 
1.459 1.579 -0.736 
1.459 1.579 -0.723 
1.459 1.579 -0.708 
1.459 1.579 -0.693 
1.459 1.579 -0.678 
1.459 1.579 -0.663 
1.459 1.579 -0.648 
1.459 1.579 -0.633 
1.459 1.579 -0.618 
1.459 1.579 -0.603 
1.459 1.579 -0.588 
1.459 1.579 -0.573 
1.459 1.579 -0.558 
1.459 1.579 -0.543 
1.459 1.579 -0.529 
1.459 1.579 -0.513 
1.459 1.579 -0.498 
1.459 1.579 -0.484 
1.459 1.579 -0.468 
1.459 1.579 -0.453 
1.459 1.579 -0.439 
1.459 1.579 -0.423 
1.459 1.579 -0.409 
1.459 1.579 -0.394 
1.459 1.579 -0.378 
1.459 1.579 -0.364 
1.459 1.579 -0.349 
1.459 1.579 -0.333 
1.459 1.579 -0.319 
1.459 1.579 -0.304 
1.459 1.579 -0.289 
1.459 1.579 -0.274 
1.459 1.579 -0.259 
1.459 1.579 -0.244 
1.459 1.579 -0.229 
1.459 1.579 -0.214 
1.459 1.579 -0.199 
1.459 1.579 -0.184 
1.459 1.579 -0.169 
1.459 1.579 -0.154 
1.459 1.579 -0.139 
1.459 1.579 -0.124 
1.459 1.579 -0.109 
1.459 1.579 -0.094 
1.459 1.579 -0.079 
1.459 1.579 -0.064 
1.459 1.579 -0.049 
1.459 1.579 -0.034 
1.459 1.579 -0.019 
1.459 1.579 -0.004 
1.459 1.579 0.011 
1.459 1.579 0.026 
1.459 1.579 0.041 
1.459 1.579 0.056 
1.459 1.579 0.071 
1.459 1.579 0.086 
1.459 1.579 0.101 
1.459 1.579 0.116 
1.459 1.579 0.131 
1.459 1.579 0.146 
1.459 1.579 0.161 
1.459 1.579 0.176 
1.459 1.579 0.190 
1.459 1.579 0.204 
1.459 1.579 0.217 
1.459 1.579 0.230 
1.459 1.579 0.241 
1.458 1.579 0.251 
1.458 1.579 0.259 
1.458 1.579 0.265 
1.458 1.580 0.270 
1.458 1.580 0.275 
1.458 1.580 0.279 
1.458 1.580 0.284 
1.458 1.580 0.290 
1.457 1.580 0.297 
1.457 1.580 0.307 
1.457 1.580 0.319 
1.457 1.580 0.333 
1.457 1.580 0.347 
1.457 1.580 0.362 
1.457 1.580 0.377 
1.457 1.580 0.392 
1.457 1.580 0.407 
1.457 1.580 0.422 
1.457 1.580 0.437 
1.457 1.580 0.452 
1.457 1.580 0.467 
1.457 1.580 0.482 
1.457 1.580 0.497 
1.457 1.580 0.512 
1.457 1.580 0.527 
1.457 1.580 0.542 
1.457 1.580 0.557 
1.457 1.580 0.572 
1.457 1.580 0.587 
1.457 1.580 0.602 
1.457 1.580 0.617 
1.457 1.580 0.632 
1.457 1.580 0.647 
1.457 1.580 0.662 
1.457 1.580 0.677 
1.457 1.580 0.692 
1.457 1.580 0.707 
1.457 1.580 0.722 
1.457 1.580 0.737 
1.457 1.580 0.752 
1.457 1.580 0.767 
1.457 1.580 0.782 
1.457 1.580 0.797 
1.457 1.580 0.812 
1.457 1.580 0.827 
1.457 1.580 0.842 
1.457 1.580 0.856 
1.457 1.580 0.872 
1.457 1.580 0.887 
1.457 1.580 0.901 
1.457 1.580 0.917 
1.457 1.580 0.932 
1.457 1.580 0.946 
1.457 1.580 0.962 
1.457 1.580 0.976 
1.457 1.580 0.991 
1.457 1.580 1.007 
1.457 1.580 1.013 
1.457 1.580 1.013 
1.457 1.580 1.013 
1.457 1.580 1.014 
1.456 1.579 1.017 
1.455 1.577 1.020 
1.454 1.575 1.023 
1.453 1.573 1.023 
1.451 1.570 1.020 
1.449 1.567 1.010 
1.446 1.563 0.993 
1.444 1.559 0.970 
1.441 1.555 0.944 
1.438 1.552 0.917 
1.436 1.548 0.888 
1.433 1.545 0.858 
1.430 1.542 0.829 
1.427 1.539 0.799 
1.424 1.536 0.775 
1.421 1.533 0.759 
1.418 1.530 0.738 
1.415 1.527 0.714 
1.411 1.524 0.689 
1.407 1.521 0.663 
1.404 1.518 0.635 
1.401 1.516 0.603 
1.397 1.514 0.570 
1.394 1.512 0.537 
1.391 1.510 0.505 
1.388 1.508 0.472 
1.384 1.506 0.444 
1.380 1.504 0.422 
1.376 1.503 0.401 
1.373 1.501 0.379 
1.369 1.500 0.352 
1.365 1.499 0.325 
1.362 1.497 0.299 
1.357 1.496 0.274 
1.352 1.495 0.254 
1.347 1.493 0.238 
1.343 1.492 0.226 
1.340 1.492 0.218 
1.337 1.491 0.204 
1.334 1.490 0.181 
1.330 1.490 0.155 
1.326 1.489 0.130 
1.323 1.489 0.106 
1.320 1.489 0.082 
1.318 1.488 0.059 
1.316 1.488 0.036 
1.315 1.488 0.010 
1.315 1.488 -0.018 
1.315 1.488 -0.048 
1.316 1.488 -0.084 
1.317 1.488 -0.121 
1.319 1.488 -0.161 
1.321 1.487 -0.203 
1.323 1.487 -0.244 
1.326 1.486 -0.283 
1.330 1.485 -0.316 
1.333 1.484 -0.341 
1.337 1.482 -0.360 
1.341 1.481 -0.376 
1.346 1.479 -0.399 
1.350 1.477 -0.427 
1.354 1.475 -0.456 
1.358 1.473 -0.481 
1.362 1.471 -0.506 
1.367 1.468 -0.534 
1.372 1.465 -0.564 
1.377 1.462 -0.596 
1.382 1.458 -0.628 
1.387 1.454 -0.658 
1.392 1.450 -0.689 
1.398 1.446 -0.725 
1.403 1.441 -0.759 
1.408 1.436 -0.793 
1.413 1.431 -0.829 
1.417 1.426 -0.862 
1.422 1.420 -0.896 
1.426 1.415 -0.932 
1.430 1.409 -0.966 
1.434 1.404 -0.999 
1.438 1.398 -1.033 
1.441 1.392 -1.062 
1.445 1.386 -1.090 
1.448 1.379 -1.118 
1.451 1.373 -1.146 
1.454 1.366 -1.174 
1.456 1.360 -1.202 
1.459 1.353 -1.233 
1.461 1.347 -1.261 
1.463 1.340 -1.288 
1.465 1.334 -1.309 
1.466 1.327 -1.330 
1.468 1.320 -1.352 
1.469 1.313 -1.375 
1.471 1.306 -1.397 
1.472 1.299 -1.420 
1.473 1.292 -1.441 
1.474 1.285 -1.461 
1.474 1.278 -1.481 
1.475 1.272 -1.500 
1.475 1.265 -1.520 
1.476 1.259 -1.539 
1.476 1.253 -1.558 
1.476 1.247 -1.574 
1.476 1.241 -1.591 
1.475 1.235 -1.607 
1.475 1.229 -1.623 
1.475 1.224 -1.639 
1.474 1.217 -1.654 
1.474 1.211 -1.666 
1.473 1.203 -1.677 
1.472 1.196 -1.689 
1.471 1.190 -1.702 
1.470 1.183 -1.715 
1.469 1.176 -1.729 
1.468 1.170 -1.743 
1.467 1.163 -1.755 
1.466 1.157 -1.769 
1.465 1.150 -1.785 
1.463 1.144 -1.801 
1.461 1.137 -1.816 
1.460 1.130 -1.828 
1.458 1.124 -1.840 
1.456 1.117 -1.851 
1.454 1.110 -1.858 
1.452 1.103 -1.866 
1.450 1.096 -1.879 
1.448 1.090 -1.893 
1.445 1.083 -1.906 
1.443 1.076 -1.920 
1.440 1.069 -1.935 
1.438 1.063 -1.951 
1.435 1.056 -1.967 
1.433 1.050 -1.983 
1.430 1.044 -1.998 
1.427 1.038 -2.014 
1.424 1.032 -2.030 
1.421 1.026 -2.046 
1.418 1.020 -2.058 
1.415 1.014 -2.065 
1.411 1.008 -2.072 
1.408 1.002 -2.084 
1.405 0.997 -2.095 
1.402 0.991 -2.102 
1.399 0.986 -2.109 
1.396 0.981 -2.117 
1.392 0.975 -2.125 
1.389 0.970 -2.133 
1.385 0.964 -2.143 
1.381 0.958 -2.152 
1.377 0.952 -2.161 
1.373 0.946 -2.172 
1.369 0.940 -2.184 
1.365 0.934 -2.195 
1.361 0.928 -2.206 
1.356 0.922 -2.218 
1.352 0.917 -2.227 
1.348 0.912 -2.238 
1.344 0.906 -2.250 
1.339 0.901 -2.264 
1.335 0.895 -2.281 
1.330 0.890 -2.299 
1.325 0.885 -2.313 
1.321 0.880 -2.328 
1.316 0.875 -2.344 
1.311 0.870 -2.358 
1.306 0.865 -2.367 
1.301 0.860 -2.374 
1.296 0.856 -2.380 
1.291 0.851 -2.386 
1.286 0.846 -2.394 
1.281 0.842 -2.404 
1.276 0.837 -2.415 
1.270 0.832 -2.428 
1.265 0.828 -2.438 
1.260 0.823 -2.447 
1.255 0.819 -2.459 
1.249 0.815 -2.464 
1.244 0.810 -2.464 
1.239 0.806 -2.465 
1.233 0.802 -2.463 
1.228 0.798 -2.459 
1.223 0.793 -2.456 
1.217 0.789 -2.453 
1.212 0.785 -2.451 
1.207 0.780 -2.455 
1.202 0.776 -2.454 
1.198 0.772 -2.455 
1.192 0.768 -2.457 
1.188 0.765 -2.459 
1.184 0.761 -2.459 
1.179 0.757 -2.462 
1.175 0.754 -2.462 
1.170 0.750 -2.463 
1.166 0.746 -2.464 
1.161 0.743 -2.466 
1.157 0.740 -2.467 
1.153 0.737 -2.467 
1.150 0.734 -2.469 
1.146 0.731 -2.470 
1.143 0.728 -2.472 
1.139 0.725 -2.474 
1.135 0.722 -2.477 
1.131 0.719 -2.481 
1.127 0.716 -2.480 
1.124 0.714 -2.480 
1.120 0.711 -2.484 
1.117 0.708 -2.489 
1.114 0.706 -2.495 
1.110 0.703 -2.501 
1.107 0.701 -2.504 
1.104 0.698 -2.508 
1.101 0.696 -2.513 
1.098 0.694 -2.518 
1.094 0.691 -2.524 
1.091 0.689 -2.531 
1.088 0.687 -2.537 
1.085 0.685 -2.542 
1.082 0.683 -2.548 
1.079 0.681 -2.549 
1.076 0.679 -2.547 
1.073 0.677 -2.546 
1.070 0.675 -2.547 
1.068 0.673 -2.552 
1.066 0.672 -2.560 
1.065 0.671 -2.570 
1.064 0.671 -2.577 
1.064 0.671 -2.579 
1.064 0.671 -2.579 
1.064 0.671 -2.579 
1.064 0.671 -2.579 
1.064 0.671 -2.574 
1.064 0.671 -2.562 
1.064 0.671 -2.541 
1.063 0.670 -2.514 
1.062 0.670 -2.483 
1.062 0.669 -2.453 
1.061 0.668 -2.424 
1.060 0.668 -2.395 
1.059 0.667 -2.364 
1.059 0.666 -2.334 
1.058 0.666 -2.302 
1.058 0.665 -2.266 
1.058 0.665 -2.229 
1.058 0.665 -2.189 
1.058 0.665 -2.147 
1.058 0.665 -2.106 
1.058 0.665 -2.061 
1.058 0.665 -2.013 
1.058 0.665 -1.967 
1.058 0.665 -1.917 
1.058 0.665 -1.865 
1.058 0.665 -1.814 
1.058 0.665 -1.763 
1.058 0.665 -1.710 
1.058 0.665 -1.658 
1.058 0.665 -1.606 
1.058 0.665 -1.552 
1.058 0.665 -1.503 
1.058 0.665 -1.455 
1.058 0.665 -1.406 
1.058 0.665 -1.360 
1.058 0.665 -1.316 
1.058 0.665 -1.271 
1.058 0.665 -1.230 
1.058 0.665 -1.190 
1.058 0.665 -1.150 
1.058 0.666 -1.112 
1.057 0.666 -1.076 
1.057 0.666 -1.039 
1.057 0.667 -1.004 
1.057 0.667 -0.967 
1.057 0.667 -0.928 
1.057 0.667 -0.888 
1.057 0.667 -0.847 
1.057 0.667 -0.806 
1.057 0.667 -0.765 
1.057 0.667 -0.724 
1.057 0.667 -0.682 
1.057 0.667 -0.642 
1.057 0.667 -0.601 
1.057 0.667 -0.559 
1.057 0.667 -0.523 
1.057 0.667 -0.497 
1.057 0.667 -0.484 
1.057 0.667 -0.483 
1.057 0.667 -0.483 
1.057 0.667 -0.483 
1.057 0.667 -0.477 
1.057 0.667 -0.463 
1.057 0.667 -0.448 
1.057 0.667 -0.433 
1.057 0.667 -0.418 
1.057 0.667 -0.403 
1.057 0.667 -0.388 
1.057 0.667 -0.374 
1.057 0.667 -0.358 
1.057 0.667 -0.343 
1.057 0.667 -0.329 
1.057 0.667 -0.313 
1.057 0.667 -0.299 
1.057 0.667 -0.284 
1.057 0.667 -0.269 
1.057 0.667 -0.255 
1.057 0.667 -0.242 
1.057 0.667 -0.229 
1.057 0.667 -0.218 
1.058 0.667 -0.206 
1.058 0.667 -0.195 
1.058 0.667 -0.184 
1.059 0.667 -0.172 
1.059 0.667 -0.160 
1.059 0.667 -0.148 
1.059 0.667 -0.135 
1.059 0.667 -0.121 
1.060 0.667 -0.106 
1.059 0.667 -0.091 
1.059 0.667 -0.076 
1.059 0.667 -0.062 
1.059 0.667 -0.048 
1.059 0.667 -0.033 
1.059 0.667 -0.020 
1.059 0.667 -0.006 
1.059 0.667 0.007 
1.059 0.667 0.020 
1.059 0.667 0.033 
1.058 0.667 0.047 
1.058 0.667 0.060 
1.058 0.667 0.073 
1.058 0.667 0.088 
1.058 0.667 0.102 
1.058 0.667 0.117 
1.058 0.667 0.133 
1.058 0.667 0.147 
1.058 0.667 0.162 
1.058 0.667 0.177 
1.058 0.667 0.192 
1.058 0.667 0.207 
1.058 0.667 0.222 
1.058 0.667 0.237 
1.058 0.667 0.252 
1.058 0.667 0.267 
1.058 0.667 0.282 
1.058 0.667 0.297 
1.058 0.667 0.312 
1.058 0.667 0.327 
1.058 0.667 0.342 
1.058 0.667 0.357 
1.058 0.667 0.372 
1.058 0.667 0.387 
1.058 0.667 0.402 
1.058 0.667 0.417 
1.058 0.667 0.432 
1.058 0.667 0.447 
1.058 0.667 0.462 
1.058 0.667 0.477 
1.058 0.667 0.492 
1.058 0.667 0.507 
1.058 0.667 0.522 
1.058 0.667 0.537 
1.058 0.667 0.552 
1.058 0.667 0.567 
1.058 0.667 0.582 
1.058 0.667 0.597 
1.058 0.667 0.612 
1.058 0.667 0.627 
1.058 0.667 0.642 
1.058 0.667 0.657 
1.058 0.667 0.672 
1.058 0.667 0.687 
1.058 0.667 0.702 
1.058 0.667 0.717 
1.058 0.667 0.732 
1.058 0.667 0.746 
1.058 0.667 0.762 
1.058 0.667 0.777 
1.058 0.667 0.791 
1.058 0.667 0.807 
1.058 0.667 0.821 
1.058 0.667 0.836 
1.058 0.667 0.851 
1.058 0.667 0.866 
1.058 0.667 0.879 
1.058 0.667 0.892 
1.058 0.668 0.904 
1.059 0.668 0.913 
1.059 0.668 0.922 
1.059 0.669 0.931 
1.060 0.669 0.940 
1.060 0.670 0.949 
1.060 0.670 0.958 
1.061 0.671 0.967 
1.061 0.671 0.977 
1.061 0.671 0.987 
1.061 0.672 0.998 
1.061 0.672 1.010 
1.061 0.672 1.023 
1.061 0.672 1.038 
1.061 0.672 1.052 
1.061 0.672 1.065 
1.061 0.671 1.077 
1.061 0.671 1.089 
1.061 0.671 1.100 
1.061 0.671 1.111 
1.061 0.670 1.123 
1.061 0.670 1.135 
1.060 0.670 1.147 
1.060 0.670 1.161 
1.060 0.670 1.175 
1.060 0.670 1.190 
1.060 0.670 1.205 
1.060 0.670 1.220 
1.060 0.670 1.235 
1.060 0.670 1.250 
1.060 0.670 1.265 
1.060 0.670 1.280 
1.060 0.670 1.295 
1.060 0.670 1.310 
1.060 0.670 1.325 
1.060 0.670 1.340 
1.060 0.670 1.355 
1.060 0.670 1.370 
1.060 0.670 1.385 
1.060 0.670 1.400 
1.060 0.670 1.415 
1.060 0.670 1.430 
1.060 0.670 1.445 
1.060 0.670 1.460 
1.060 0.670 1.475 
1.060 0.670 1.490 
1.060 0.670 1.504 
1.060 0.670 1.520 
1.060 0.670 1.535 
1.060 0.670 1.549 
1.060 0.670 1.565 
1.060 0.670 1.580 
1.060 0.670 1.594 
1.060 0.670 1.610 
1.060 0.670 1.624 
1.060 0.670 1.639 
1.060 0.670 1.655 
1.060 0.670 1.669 
1.060 0.670 1.684 
1.060 0.670 1.700 
1.060 0.670 1.714 
1.060 0.670 1.729 
1.060 0.670 1.744 
1.060 0.670 1.759 
1.060 0.670 1.774 
1.060 0.670 1.789 
1.060 0.670 1.804 
1.060 0.670 1.819 
1.060 0.670 1.834 
1.060 0.670 1.849 
1.060 0.670 1.864 
1.060 0.670 1.879 
1.060 0.670 1.894 
1.060 0.670 1.909 
1.060 0.670 1.924 
1.060 0.670 1.939 
1.060 0.670 1.953 
1.060 0.670 1.968 
1.060 0.670 1.981 
1.060 0.670 1.994 
1.060 0.670 2.006 
1.060 0.671 2.018 
1.060 0.671 2.030 
1.060 0.671 2.042 
1.059 0.671 2.054 
1.059 0.671 2.067 
1.059 0.671 2.082 
1.059 0.671 2.097 
1.059 0.671 2.111 
1.059 0.671 2.126 
1.059 0.671 2.139 
1.060 0.671 2.151 
1.060 0.671 2.163 
1.060 0.670 2.172 
1.060 0.670 2.181 
1.061 0.670 2.190 
1.061 0.669 2.199 
1.061 0.669 2.208 
1.062 0.668 2.217 
1.062 0.668 2.226 
1.062 0.667 2.235 
1.063 0.667 2.244 
1.063 0.667 2.254 
1.063 0.666 2.264 
1.063 0.666 2.276 
1.063 0.666 2.289 
1.063 0.666 2.303 
1.063 0.666 2.319 
1.063 0.666 2.334 
1.063 0.666 2.348 
1.063 0.666 2.364 
1.063 0.666 2.378 
1.063 0.666 2.393 
1.063 0.666 2.409 
1.063 0.666 2.423 
1.063 0.666 2.438 
1.063 0.666 2.454 
1.063 0.666 2.468 
1.063 0.666 2.483 
1.063 0.666 2.498 
1.063 0.666 2.513 
1.063 0.666 2.528 
1.063 0.666 2.543 
1.063 0.666 2.558 
1.063 0.666 2.573 
1.063 0.666 2.588 
1.063 0.666 2.603 
1.063 0.666 2.618 
1.063 0.666 2.633 
1.063 0.666 2.648 
1.063 0.666 2.663 
1.063 0.666 2.678 
1.063 0.666 2.693 
1.063 0.666 2.708 
1.063 0.666 2.723 
1.063 0.666 2.738 
1.063 0.666 2.753 
1.063 0.666 2.768 
1.063 0.666 2.783 
1.063 0.666 2.798 
1.063 0.666 2.813 
1.063 0.666 2.828 
1.063 0.666 2.843 
1.063 0.666 2.858 
1.063 0.666 2.873 
1.063 0.666 2.888 
1.063 0.666 2.903 
1.063 0.666 2.918 
1.063 0.666 2.933 
1.063 0.666 2.948 
1.063 0.666 2.963 
1.063 0.666 2.977 
1.063 0.666 2.992 
1.063 0.666 3.006 
1.063 0.666 3.019 
1.063 0.666 3.033 
1.063 0.666 3.045 
1.063 0.666 3.057 
1.062 0.666 3.070 
1.062 0.666 3.082 
1.062 0.666 3.095 
1.062 0.666 3.109 
1.062 0.666 3.122 
1.062 0.666 3.137 
1.062 0.666 -3.131 
1.062 0.666 -3.116 
1.062 0.666 -3.102 
1.062 0.666 -3.087 
1.062 0.666 -3.073 
1.062 0.666 -3.059 
1.062 0.666 -3.047 
1.062 0.666 -3.034 
1.063 0.666 -3.022 
1.063 0.666 -3.010 
1.063 0.666 -2.998 
1.063 0.666 -2.987 
1.064 0.666 -2.974 
1.064 0.666 -2.962 
1.064 0.666 -2.949 
1.064 0.666 -2.935 
1.064 0.666 -2.921 
1.064 0.666 -2.907 
1.064 0.666 -2.892 
1.064 0.666 -2.877 
1.064 0.666 -2.862 
1.064 0.666 -2.847 
1.064 0.666 -2.832 
1.064 0.666 -2.817 
1.064 0.666 -2.802 
1.064 0.666 -2.787 
1.064 0.666 -2.772 
1.064 0.666 -2.757 
1.064 0.666 -2.742 
1.064 0.666 -2.727 
1.064 0.666 -2.712 
1.064 0.666 -2.697 
1.064 0.666 -2.682 
1.064 0.666 -2.667 
1.064 0.666 -2.652 
1.064 0.666 -2.637 
1.064 0.666 -2.622 
1.064 0.666 -2.607 
1.064 0.666 -2.592 
1.064 0.666 -2.577 
1.064 0.666 -2.562 
1.064 0.666 -2.547 
1.064 0.666 -2.532 
1.064 0.666 -2.517 
1.064 0.666 -2.503 
1.064 0.666 -2.487 
1.064 0.666 -2.472 
1.064 0.666 -2.458 
1.064 0.666 -2.442 
1.064 0.666 -2.427 
1.064 0.666 -2.413 
1.064 0.666 -2.397 
1.064 0.666 -2.383 
1.064 0.666 -2.368 
1.064 0.666 -2.352 
1.064 0.666 -2.338 
1.064 0.666 -2.323 
1.064 0.666 -2.307 
1.064 0.666 -2.293 
1.064 0.666 -2.278 
1.064 0.666 -2.263 
1.064 0.666 -2.248 
1.064 0.666 -2.233 
1.064 0.666 -2.218 
1.064 0.666 -2.203 
1.064 0.666 -2.188 
1.064 0.666 -2.173 
1.064 0.666 -2.160 
1.064 0.666 -2.147 
1.064 0.666 -2.136 
1.064 0.665 -2.126 
1.063 0.665 -2.117 
1.063 0.664 -2.107 
1.063 0.664 -2.097 
1.063 0.664 -2.087 
1.063 0.663 -2.077 
1.062 0.663 -2.067 
1.062 0.662 -2.057 
1.062 0.662 -2.046 
1.062 0.662 -2.034 
1.062 0.662 -2.022 
1.062 0.662 -2.008 
1.062 0.662 -1.994 
1.062 0.662 -1.979 
1.062 0.662 -1.966 
1.062 0.662 -1.953 
1.062 0.662 -1.941 
1.062 0.662 -1.929 
1.062 0.663 -1.917 
1.062 0.663 -1.905 
1.062 0.663 -1.891 
1.062 0.663 -1.878 
1.062 0.663 -1.864 
1.062 0.663 -1.848 
1.062 0.663 -1.833 
1.062 0.663 -1.819 
1.062 0.663 -1.803 
1.062 0.663 -1.788 
1.062 0.663 -1.774 
1.062 0.663 -1.758 
1.062 0.663 -1.743 
1.062 0.663 -1.729 
1.062 0.663 -1.713 
1.062 0.663 -1.699 
1.062 0.663 -1.684 
1.062 0.663 -1.668 
1.062 0.663 -1.654 
1.062 0.663 -1.639 
1.062 0.663 -1.623 
1.062 0.663 -1.609 
1.062 0.663 -1.594 
1.062 0.663 -1.579 
1.062 0.663 -1.564 
1.062 0.663 -1.549 
1.062 0.663 -1.534 
1.062 0.663 -1.519 
1.062 0.663 -1.504 
1.062 0.663 -1.489 
1.062 0.663 -1.474 
1.062 0.663 -1.459 
1.062 0.663 -1.444 
1.062 0.663 -1.429 
1.062 0.663 -1.414 
1.062 0.663 -1.399 
1.062 0.663 -1.384 
1.062 0.663 -1.369 
1.062 0.663 -1.354 
1.062 0.663 -1.339 
1.062 0.663 -1.324 
1.062 0.663 -1.309 
1.062 0.663 -1.294 
1.062 0.663 -1.279 
1.062 0.663 -1.264 
1.062 0.663 -1.249 
1.062 0.663 -1.234 
1.062 0.663 -1.219 
1.062 0.663 -1.204 
1.062 0.663 -1.189 
1.062 0.663 -1.174 
1.062 0.663 -1.159 
1.062 0.663 -1.144 
1.062 0.663 -1.129 
1.062 0.663 -1.114 
1.062 0.663 -1.100 
1.062 0.663 -1.084 
1.062 0.663 -1.070 
1.062 0.663 -1.056 
1.063 0.663 -1.042 
1.063 0.663 -1.030 
1.063 0.662 -1.019 
1.063 0.662 -1.008 
1.063 0.662 -0.997 
1.063 0.661 -0.987 
1.064 0.661 -0.976 
1.064 0.661 -0.965 
1.064 0.661 -0.953 
1.064 0.661 -0.939 
1.064 0.661 -0.925 
1.064 0.661 -0.911 
1.064 0.661 -0.896 
1.064 0.661 -0.883 
1.064 0.661 -0.871 
1.064 0.661 -0.860 
1.063 0.662 -0.850 
1.063 0.662 -0.842 
1.062 0.662 -0.834 
1.062 0.663 -0.826 
1.062 0.663 -0.818 
1.061 0.664 -0.810 
1.061 0.664 -0.802 
1.060 0.665 -0.794 
1.060 0.665 -0.784 
1.060 0.665 -0.774 
1.059 0.666 -0.763 
1.059 0.666 -0.751 
1.059 0.666 -0.737 
1.059 0.666 -0.722 
1.059 0.666 -0.707 
1.059 0.666 -0.692 
1.059 0.666 -0.677 
1.059 0.666 -0.662 
1.059 0.666 -0.647 
1.059 0.666 -0.632 
1.059 0.666 -0.617 
1.059 0.666 -0.602 
1.059 0.666 -0.587 
1.059 0.666 -0.572 
1.059 0.666 -0.557 
1.059 0.666 -0.542 
1.059 0.666 -0.527 
1.059 0.666 -0.512 
1.059 0.666 -0.497 
1.059 0.666 -0.482 
1.059 0.666 -0.467 
1.059 0.666 -0.453 
1.059 0.666 -0.437 
1.059 0.666 -0.422 
1.059 0.666 -0.408 
1.059 0.666 -0.392 
1.059 0.666 -0.377 
1.059 0.666 -0.363 
1.059 0.666 -0.347 
1.059 0.666 -0.333 
1.059 0.666 -0.318 
1.059 0.666 -0.302 
1.059 0.666 -0.288 
1.059 0.666 -0.273 
1.059 0.666 -0.257 
1.059 0.666 -0.243 
1.059 0.666 -0.228 
1.059 0.666 -0.213 
1.059 0.666 -0.198 
1.059 0.666 -0.183 
1.059 0.666 -0.168 
1.059 0.666 -0.153 
1.059 0.666 -0.138 
1.059 0.666 -0.123 
1.059 0.666 -0.108 
1.059 0.666 -0.093 
1.059 0.666 -0.078 
1.059 0.666 -0.063 
1.059 0.666 -0.048 
1.059 0.666 -0.033 
1.059 0.666 -0.019 
1.059 0.666 -0.005 
1.060 0.666 0.009 
1.060 0.666 0.022 
1.060 0.666 0.035 
1.060 0.666 0.048 
1.060 0.666 0.062 
1.060 0.666 0.077 
1.060 0.666 0.092 
1.060 0.666 0.107 
1.060 0.666 0.121 
1.060 0.666 0.137 
1.060 0.666 0.151 
1.060 0.666 0.165 
1.060 0.666 0.179 
1.060 0.666 0.192 
1.060 0.666 0.204 
1.059 0.666 0.216 
1.059 0.666 0.227 
1.059 0.666 0.238 
1.058 0.666 0.249 
1.058 0.665 0.259 
1.057 0.665 0.270 
1.057 0.665 0.282 
1.057 0.665 0.294 
1.057 0.665 0.306 
1.057 0.665 0.319 
1.056 0.665 0.333 
1.056 0.665 0.346 
1.056 0.665 0.362 
1.056 0.665 0.376 
1.056 0.665 0.391 
1.056 0.665 0.407 
1.056 0.665 0.421 
1.056 0.665 0.436 
1.056 0.665 0.452 
1.056 0.665 0.466 
1.056 0.665 0.481 
1.056 0.665 0.496 
1.056 0.665 0.511 
1.056 0.665 0.526 
1.056 0.665 0.541 
1.056 0.665 0.556 
1.056 0.665 0.571 
1.056 0.665 0.586 
1.056 0.665 0.601 
1.056 0.665 0.616 
1.056 0.665 0.631 
1.056 0.665 0.646 
1.056 0.665 0.661 
1.056 0.665 0.676 
1.056 0.665 0.691 
1.056 0.665 0.706 
1.056 0.665 0.721 
1.056 0.665 0.736 
1.056 0.665 0.751 
1.056 0.665 0.766 
1.056 0.665 0.781 
1.056 0.665 0.796 
1.056 0.665 0.811 
1.056 0.665 0.826 
1.056 0.665 0.841 
1.056 0.665 0.856 
1.056 0.665 0.871 
1.056 0.665 0.886 
1.056 0.665 0.901 
1.056 0.665 0.916 
1.056 0.665 0.931 
1.056 0.665 0.946 
1.056 0.665 0.961 
1.056 0.665 0.976 
1.056 0.665 0.991 
1.056 0.665 1.006 
1.056 0.665 1.020 
1.056 0.665 1.036 
1.056 0.665 1.050 
1.056 0.665 1.065 
1.056 0.665 1.079 
1.056 0.665 1.091 
1.057 0.666 1.102 
1.057 0.666 1.113 
1.057 0.667 1.122 
1.057 0.667 1.132 
1.057 0.667 1.142 