0.950 -2.469 0.001 
0.950 -2.468 0.001 
0.950 -2.468 0.001 
0.950 -2.468 0.001 
0.950 -2.468 0.001 
0.950 -2.468 0.001 
0.950 -2.468 0.001 
0.950 -2.468 0.001 
0.950 -2.468 0.001 
0.950 -2.468 0.001 
0.950 -2.468 0.001 
0.950 -2.468 0.001 
0.950 -2.468 0.001 
0.950 -2.468 0.001 
0.950 -2.468 0.001 
0.950 -2.468 0.001 
0.950 -2.468 0.001 
0.950 -2.468 0.001 
0.950 -2.468 0.001 
0.950 -2.468 0.001 
0.950 -2.468 0.001 
0.950 -2.468 0.001 
0.950 -2.468 0.001 
0.950 -2.468 0.001 
0.950 -2.468 0.001 
0.950 -2.468 0.001 
0.950 -2.468 0.001 
0.950 -2.468 0.001 
0.950 -2.468 0.001 
0.950 -2.468 0.001 
0.950 -2.468 0.001 
0.950 -2.468 0.001 
0.950 -2.468 0.001 
0.950 -2.468 0.001 
0.950 -2.468 0.001 
0.950 -2.468 0.001 
0.950 -2.468 0.001 
0.950 -2.468 0.001 
0.950 -2.468 0.001 
0.950 -2.468 0.001 
0.950 -2.468 0.001 
0.950 -2.468 0.001 
0.950 -2.468 0.001 
0.950 -2.468 0.001 
0.950 -2.468 0.001 
0.950 -2.468 0.001 
0.950 -2.468 0.001 
0.950 -2.468 0.001 
0.950 -2.468 0.001 
0.950 -2.468 0.001 
0.950 -2.468 0.001 
0.950 -2.468 0.001 
0.950 -2.468 0.001 
0.950 -2.468 0.001 
0.950 -2.468 0.001 
0.950 -2.468 0.001 
0.950 -2.468 0.001 
0.950 -2.468 0.001 
0.950 -2.468 0.001 
0.950 -2.468 0.001 
0.950 -2.468 0.001 
0.950 -2.468 0.001 
0.950 -2.468 0.001 
0.950 -2.468 0.001 
0.950 -2.468 0.001 
0.950 -2.468 0.001 
0.950 -2.468 0.001 
0.950 -2.468 0.001 
0.950 -2.468 0.001 
0.950 -2.468 0.001 
0.950 -2.468 0.001 
0.950 -2.468 0.001 
0.950 -2.468 0.001 
0.950 -2.468 0.001 
0.950 -2.468 0.001 
0.950 -2.468 0.001 
0.950 -2.468 0.001 
0.950 -2.468 0.001 
0.950 -2.468 0.001 
0.950 -2.468 0.001 
0.950 -2.468 0.001 
0.950 -2.468 0.001 
0.950 -2.468 0.001 
0.950 -2.468 0.001 
0.950 -2.468 0.001 
0.950 -2.468 0.001 
0.950 -2.468 0.001 
0.950 -2.468 0.001 
0.950 -2.468 0.001 
0.950 -2.468 0.001 
0.950 -2.468 0.001 
0.950 -2.468 0.001 
0.950 -2.468 0.001 
0.950 -2.468 0.001 
0.950 -2.468 0.001 
0.950 -2.468 0.001 
0.950 -2.468 0.001 
0.950 -2.468 0.001 
0.950 -2.468 0.001 
0.950 -2.468 0.001 
0.950 -2.468 0.001 
0.950 -2.468 0.001 
0.950 -2.468 0.001 
0.950 -2.468 0.001 
0.950 -2.468 0.001 
0.950 -2.468 0.001 
0.950 -2.468 0.001 
0.950 -2.468 0.001 
0.950 -2.468 0.001 
0.950 -2.468 0.001 
0.950 -2.468 0.001 
0.950 -2.468 0.001 
0.950 -2.468 0.001 
0.950 -2.468 0.001 
0.950 -2.468 0.001 
0.950 -2.468 0.001 
0.950 -2.468 0.001 
0.950 -2.468 0.001 
0.950 -2.468 0.001 
0.950 -2.468 0.001 
0.949 -2.468 0.001 
0.948 -2.468 0.001 
0.946 -2.468 0.001 
0.942 -2.468 0.001 
0.938 -2.468 0.001 
0.933 -2.468 0.001 
0.927 -2.468 0.001 
0.921 -2.468 0.001 
0.915 -2.468 0.001 
0.908 -2.468 0.001 
0.902 -2.468 0.001 
0.895 -2.468 0.000 
0.889 -2.468 0.004 
0.882 -2.468 0.009 
0.875 -2.468 0.017 
0.869 -2.467 0.028 
0.864 -2.466 0.040 
0.859 -2.465 0.049 
0.854 -2.464 0.056 
0.849 -2.464 0.059 
0.845 -2.464 0.060 
0.840 -2.464 0.057 
0.834 -2.465 0.054 
0.829 -2.465 0.051 
0.823 -2.465 0.049 
0.819 -2.465 0.048 
0.813 -2.465 0.045 
0.808 -2.466 0.045 
0.803 -2.465 0.046 
0.799 -2.465 0.048 
0.794 -2.465 0.051 
0.789 -2.465 0.053 
0.785 -2.465 0.052 
0.780 -2.465 0.050 
0.775 -2.465 0.047 
0.770 -2.465 0.045 
0.764 -2.466 0.041 
0.757 -2.466 0.035 
0.751 -2.466 0.030 
0.744 -2.466 0.028 
0.738 -2.467 0.025 
0.731 -2.467 0.021 
0.725 -2.467 0.020 
0.718 -2.467 0.019 
0.712 -2.467 0.017 
0.705 -2.467 0.020 
0.698 -2.467 0.022 
0.691 -2.467 0.019 
0.684 -2.468 0.024 
0.678 -2.467 0.029 
0.671 -2.467 0.029 
0.666 -2.467 0.032 
0.661 -2.467 0.034 
0.655 -2.467 0.033 
0.650 -2.467 0.031 
0.645 -2.467 0.029 
0.640 -2.467 0.028 
0.634 -2.467 0.027 
0.629 -2.467 0.030 
0.624 -2.466 0.036 
0.619 -2.465 0.045 
0.615 -2.464 0.056 
0.611 -2.463 0.068 
0.608 -2.462 0.080 
0.604 -2.461 0.090 
0.600 -2.460 0.097 
0.596 -2.447 0.126 
0.592 -2.442 0.138 
0.587 -2.439 0.144 
0.582 -2.436 0.148 
0.578 -2.434 0.155 
0.573 -2.433 0.165 
0.568 -2.433 0.175 
0.562 -2.434 0.184 
0.556 -2.435 0.198 
0.551 -2.436 0.209 
0.546 -2.437 0.222 
0.541 -2.438 0.238 
0.537 -2.439 0.257 
0.532 -2.440 0.277 
0.528 -2.442 0.296 
0.525 -2.442 0.315 
0.523 -2.440 0.335 
0.521 -2.438 0.353 
0.520 -2.437 0.372 
0.518 -2.435 0.390 
0.517 -2.434 0.409 
0.515 -2.433 0.432 
0.513 -2.432 0.456 
0.512 -2.431 0.473 
0.510 -2.430 0.491 
0.508 -2.429 0.509 
0.506 -2.428 0.525 
0.505 -2.427 0.537 
0.504 -2.427 0.542 
0.504 -2.427 0.542 
0.505 -2.426 0.536 
0.506 -2.426 0.528 
0.508 -2.425 0.518 
0.510 -2.424 0.515 
0.511 -2.423 0.527 
0.513 -2.422 0.545 
0.513 -2.422 0.561 
0.513 -2.421 0.583 
0.514 -2.421 0.609 
0.515 -2.420 0.634 
0.516 -2.419 0.656 
0.519 -2.417 0.676 
0.521 -2.415 0.697 
0.525 -2.412 0.716 
0.528 -2.409 0.733 
0.532 -2.406 0.745 
0.536 -2.402 0.752 
0.540 -2.398 0.757 
0.544 -2.394 0.765 
0.549 -2.390 0.777 
0.553 -2.386 0.795 
0.558 -2.381 0.822 
0.562 -2.376 0.850 
0.566 -2.371 0.877 
0.571 -2.365 0.903 
0.575 -2.360 0.925 
0.579 -2.354 0.946 
0.584 -2.348 0.968 
0.587 -2.342 0.987 
0.591 -2.337 1.007 
0.595 -2.331 1.029 
0.598 -2.325 1.049 
0.602 -2.319 1.068 
0.605 -2.312 1.087 
0.608 -2.306 1.105 
0.612 -2.299 1.123 
0.615 -2.293 1.142 
0.618 -2.286 1.159 
0.620 -2.280 1.176 
0.623 -2.273 1.192 
0.626 -2.267 1.208 
0.628 -2.260 1.223 
0.630 -2.253 1.241 
0.633 -2.247 1.256 
0.635 -2.240 1.270 
0.637 -2.233 1.286 
0.639 -2.227 1.299 
0.640 -2.220 1.312 
0.642 -2.213 1.327 
0.644 -2.206 1.340 
0.645 -2.200 1.352 
0.647 -2.193 1.361 
0.648 -2.186 1.367 
0.650 -2.179 1.373 
0.651 -2.172 1.381 
0.652 -2.165 1.391 
0.654 -2.158 1.401 
0.655 -2.151 1.411 
0.656 -2.144 1.420 
0.657 -2.137 1.430 
0.658 -2.129 1.438 
0.659 -2.122 1.447 
0.660 -2.115 1.455 
0.661 -2.108 1.463 
0.661 -2.101 1.474 
0.662 -2.094 1.483 
0.662 -2.087 1.489 
0.663 -2.080 1.495 
0.664 -2.073 1.504 
0.664 -2.066 1.511 
0.664 -2.059 1.518 
0.665 -2.052 1.524 
0.665 -2.045 1.530 
0.665 -2.038 1.534 
0.665 -2.032 1.538 
0.666 -2.025 1.543 
0.666 -2.018 1.548 
0.666 -2.012 1.552 
0.666 -2.004 1.551 
0.666 -1.998 1.551 
0.666 -1.991 1.552 
0.667 -1.983 1.556 
0.667 -1.976 1.562 
0.667 -1.969 1.568 
0.667 -1.962 1.573 
0.667 -1.955 1.576 
0.667 -1.950 1.577 
0.667 -1.944 1.581 
0.666 -1.937 1.588 
0.666 -1.931 1.598 
0.666 -1.924 1.609 
0.666 -1.917 1.615 
0.665 -1.910 1.618 
0.665 -1.902 1.622 
0.665 -1.895 1.626 
0.664 -1.888 1.630 
0.664 -1.880 1.635 
0.663 -1.873 1.639 
0.663 -1.866 1.643 
0.662 -1.858 1.645 
0.662 -1.851 1.647 
0.661 -1.844 1.648 
0.661 -1.837 1.652 
0.660 -1.829 1.657 
0.659 -1.822 1.662 
0.659 -1.815 1.668 
0.658 -1.808 1.674 
0.657 -1.801 1.678 
0.657 -1.794 1.681 
0.656 -1.787 1.686 
0.655 -1.780 1.691 
0.654 -1.773 1.695 
0.653 -1.765 1.699 
0.652 -1.758 1.703 
0.651 -1.751 1.706 
0.650 -1.744 1.708 
0.649 -1.737 1.711 
0.648 -1.729 1.714 
0.647 -1.722 1.718 
0.646 -1.715 1.723 
0.645 -1.708 1.726 
0.644 -1.701 1.728 
0.643 -1.694 1.729 
0.641 -1.686 1.729 
0.640 -1.679 1.729 
0.639 -1.672 1.730 
0.638 -1.665 1.732 
0.637 -1.658 1.734 
0.636 -1.651 1.736 
0.635 -1.645 1.738 
0.633 -1.638 1.741 
0.632 -1.631 1.743 
0.631 -1.623 1.745 
0.630 -1.616 1.748 
0.628 -1.609 1.752 
0.627 -1.602 1.754 
0.626 -1.595 1.755 
0.625 -1.588 1.756 
0.623 -1.581 1.757 
0.622 -1.573 1.757 
0.620 -1.566 1.758 
0.619 -1.559 1.756 
0.618 -1.552 1.754 
0.616 -1.545 1.752 
0.615 -1.538 1.751 
0.614 -1.531 1.751 
0.613 -1.524 1.750 
0.611 -1.518 1.750 
0.610 -1.511 1.750 
0.609 -1.505 1.750 
0.608 -1.498 1.754 
0.607 -1.491 1.756 
0.605 -1.484 1.755 
0.604 -1.477 1.750 
0.603 -1.470 1.745 
0.601 -1.462 1.741 
0.600 -1.455 1.736 
0.599 -1.448 1.731 
0.598 -1.441 1.726 
0.597 -1.433 1.721 
0.596 -1.426 1.717 
0.595 -1.419 1.714 
0.594 -1.412 1.711 
0.593 -1.405 1.707 
0.592 -1.398 1.702 
0.591 -1.390 1.698 
0.590 -1.383 1.694 
0.589 -1.376 1.690 
0.588 -1.369 1.690 
0.587 -1.362 1.690 
0.587 -1.356 1.686 
0.586 -1.348 1.682 
0.585 -1.341 1.678 
0.584 -1.334 1.674 
0.583 -1.326 1.671 
0.583 -1.319 1.669 
0.582 -1.312 1.667 
0.581 -1.305 1.666 
0.581 -1.298 1.664 
0.580 -1.291 1.662 
0.579 -1.284 1.658 
0.579 -1.277 1.657 
0.578 -1.270 1.656 
0.578 -1.262 1.655 
0.577 -1.255 1.654 
0.576 -1.248 1.652 
0.576 -1.240 1.652 
0.575 -1.233 1.651 
0.575 -1.226 1.650 
0.574 -1.219 1.651 
0.573 -1.212 1.653 
0.573 -1.205 1.653 
0.572 -1.198 1.651 
0.572 -1.191 1.647 
0.571 -1.184 1.645 
0.571 -1.177 1.644 
0.570 -1.169 1.643 
0.570 -1.162 1.642 
0.569 -1.155 1.641 
0.569 -1.148 1.640 
0.568 -1.140 1.639 
0.568 -1.133 1.638 
0.567 -1.126 1.638 
0.567 -1.118 1.638 
0.566 -1.111 1.639 
0.566 -1.104 1.639 
0.565 -1.097 1.638 
0.565 -1.089 1.637 
0.564 -1.082 1.636 
0.564 -1.075 1.635 
0.563 -1.068 1.635 
0.563 -1.061 1.633 
0.562 -1.054 1.632 
0.562 -1.047 1.631 
0.562 -1.040 1.630 
0.561 -1.033 1.628 
0.561 -1.026 1.626 
0.560 -1.019 1.624 
0.560 -1.012 1.624 
0.560 -1.004 1.623 
0.559 -0.997 1.621 
0.559 -0.990 1.618 
0.559 -0.982 1.614 
0.558 -0.975 1.611 
0.558 -0.968 1.608 
0.558 -0.960 1.605 
0.557 -0.953 1.602 
0.557 -0.946 1.599 
0.557 -0.938 1.597 
0.557 -0.931 1.594 
0.557 -0.924 1.592 
0.557 -0.917 1.592 
0.556 -0.910 1.592 
0.556 -0.902 1.592 
0.556 -0.895 1.592 
0.556 -0.888 1.591 
0.556 -0.882 1.589 
0.556 -0.874 1.585 
0.556 -0.867 1.582 
0.556 -0.860 1.580 
0.555 -0.853 1.578 
0.555 -0.845 1.576 
0.555 -0.838 1.574 
0.555 -0.831 1.571 
0.555 -0.823 1.570 
0.555 -0.816 1.570 
0.555 -0.809 1.569 
0.555 -0.802 1.569 
0.555 -0.794 1.567 
0.555 -0.787 1.565 
0.555 -0.780 1.563 
0.556 -0.772 1.562 
0.556 -0.765 1.560 
0.556 -0.758 1.559 
0.556 -0.750 1.557 
0.556 -0.743 1.555 
0.556 -0.736 1.553 
0.556 -0.730 1.552 
0.556 -0.722 1.552 
0.556 -0.715 1.552 
0.557 -0.708 1.551 
0.557 -0.701 1.549 
0.557 -0.693 1.548 
0.557 -0.686 1.546 
0.557 -0.679 1.545 
0.557 -0.671 1.543 
0.558 -0.664 1.541 
0.558 -0.657 1.539 
0.558 -0.650 1.538 
0.558 -0.642 1.537 
0.559 -0.635 1.536 
0.559 -0.628 1.535 
0.559 -0.620 1.535 
0.559 -0.613 1.534 
0.560 -0.606 1.534 
0.560 -0.598 1.533 
0.560 -0.591 1.533 
0.560 -0.584 1.532 
0.561 -0.576 1.531 
0.561 -0.569 1.531 
0.561 -0.562 1.530 
0.562 -0.556 1.529 
0.562 -0.549 1.526 
0.562 -0.541 1.525 
0.563 -0.534 1.524 
0.563 -0.527 1.524 
0.563 -0.519 1.524 
0.564 -0.512 1.524 
0.564 -0.505 1.524 
0.564 -0.497 1.523 
0.565 -0.490 1.523 
0.565 -0.483 1.523 
0.565 -0.475 1.523 
0.566 -0.468 1.523 
0.566 -0.461 1.523 
0.566 -0.454 1.523 
0.567 -0.447 1.523 
0.567 -0.440 1.521 
0.567 -0.433 1.521 
0.568 -0.426 1.521 
0.568 -0.418 1.521 
0.569 -0.411 1.518 
0.569 -0.404 1.516 
0.569 -0.397 1.513 
0.570 -0.391 1.513 
0.570 -0.385 1.513 
0.570 -0.378 1.514 
0.571 -0.372 1.512 
0.571 -0.365 1.511 
0.572 -0.358 1.513 
0.572 -0.352 1.514 
0.572 -0.346 1.515 
0.573 -0.339 1.517 
0.573 -0.334 1.523 
0.573 -0.329 1.531 
0.573 -0.323 1.539 
0.573 -0.318 1.547 
0.574 -0.313 1.555 
0.574 -0.308 1.565 
0.574 -0.302 1.580 
0.573 -0.296 1.595 
0.573 -0.290 1.609 
0.573 -0.283 1.619 
0.573 -0.276 1.625 
0.572 -0.269 1.630 
0.572 -0.262 1.633 
0.571 -0.256 1.635 
0.571 -0.249 1.636 
0.571 -0.242 1.638 
0.570 -0.236 1.639 
0.570 -0.229 1.642 
0.569 -0.222 1.645 
0.569 -0.215 1.645 
0.568 -0.208 1.642 
0.568 -0.201 1.634 
0.567 -0.195 1.628 
0.567 -0.189 1.627 
0.567 -0.182 1.631 
0.566 -0.175 1.635 
0.566 -0.168 1.638 
0.565 -0.161 1.641 
0.565 -0.155 1.643 
0.564 -0.147 1.644 
0.564 -0.140 1.645 
0.563 -0.133 1.646 
0.562 -0.126 1.646 
0.562 -0.119 1.646 
0.561 -0.112 1.647 
0.561 -0.105 1.648 
0.560 -0.098 1.647 
0.560 -0.092 1.648 
0.559 -0.085 1.648 
0.559 -0.079 1.649 
0.558 -0.074 1.650 
0.558 -0.068 1.651 
0.558 -0.062 1.654 
0.557 -0.057 1.658 
0.557 -0.051 1.659 
0.556 -0.046 1.661 
0.556 -0.041 1.662 
0.555 -0.035 1.663 
0.555 -0.029 1.667 
0.554 -0.023 1.676 
0.553 -0.016 1.689 
0.552 -0.009 1.703 
0.551 -0.001 1.716 
0.550 0.006 1.730 
0.549 0.013 1.744 
0.548 0.020 1.758 
0.546 0.028 1.772 
0.545 0.035 1.786 
0.543 0.042 1.800 
0.541 0.049 1.813 
0.540 0.056 1.825 
0.538 0.063 1.837 
0.536 0.070 1.851 
0.534 0.077 1.865 
0.532 0.083 1.880 
0.529 0.090 1.896 
0.527 0.097 1.912 
0.525 0.104 1.928 
0.522 0.110 1.945 
0.519 0.117 1.962 
0.517 0.123 1.979 
0.514 0.129 1.993 
0.511 0.135 2.009 
0.509 0.141 2.028 
0.506 0.147 2.040 
0.503 0.153 2.051 
0.499 0.159 2.063 
0.496 0.165 2.077 
0.492 0.171 2.092 
0.489 0.177 2.108 
0.485 0.184 2.121 
0.481 0.190 2.129 
0.478 0.195 2.135 
0.474 0.201 2.142 
0.470 0.207 2.150 
0.466 0.213 2.161 
0.462 0.219 2.174 
0.458 0.225 2.188 
0.454 0.231 2.202 
0.450 0.237 2.212 
0.446 0.242 2.223 
0.442 0.247 2.236 
0.437 0.253 2.246 
0.433 0.258 2.255 
0.429 0.263 2.265 
0.424 0.269 2.273 
0.419 0.274 2.281 
0.415 0.279 2.290 
0.410 0.285 2.301 
0.405 0.290 2.311 
0.400 0.296 2.321 
0.395 0.301 2.334 
0.390 0.306 2.348 
0.385 0.311 2.362 
0.380 0.316 2.373 
0.375 0.321 2.384 
0.370 0.325 2.396 
0.365 0.330 2.406 
0.360 0.335 2.413 
0.355 0.339 2.420 
0.350 0.344 2.427 
0.344 0.348 2.437 
0.339 0.353 2.446 
0.333 0.358 2.457 
0.328 0.362 2.468 
0.322 0.366 2.480 
0.317 0.370 2.489 
0.311 0.375 2.499 
0.305 0.379 2.509 
0.299 0.383 2.521 
0.294 0.387 2.532 
0.288 0.391 2.543 
0.282 0.395 2.553 
0.276 0.399 2.563 
0.271 0.403 2.574 
0.265 0.407 2.584 
0.258 0.410 2.592 
0.252 0.414 2.600 
0.246 0.418 2.605 
0.240 0.422 2.610 
0.233 0.425 2.614 
0.227 0.429 2.620 
0.221 0.433 2.626 
0.215 0.436 2.631 
0.208 0.440 2.638 
0.202 0.443 2.648 
0.196 0.446 2.661 
0.190 0.449 2.675 
0.184 0.452 2.689 
0.177 0.455 2.700 
0.171 0.458 2.710 
0.164 0.461 2.720 
0.158 0.464 2.730 
0.151 0.467 2.739 
0.144 0.470 2.748 
0.138 0.473 2.757 
0.131 0.475 2.765 
0.124 0.478 2.772 
0.118 0.480 2.778 
0.111 0.483 2.785 
0.105 0.485 2.793 
0.099 0.488 2.801 
0.092 0.490 2.812 
0.085 0.492 2.823 
0.079 0.494 2.832 
0.072 0.496 2.840 
0.065 0.499 2.847 
0.058 0.501 2.854 
0.051 0.503 2.863 
0.044 0.505 2.870 
0.037 0.507 2.876 
0.030 0.508 2.881 
0.023 0.510 2.887 
0.016 0.512 2.894 
0.009 0.514 2.901 
0.002 0.516 2.907 
-0.005 0.517 2.914 
-0.013 0.519 2.921 
-0.020 0.520 2.926 
-0.027 0.522 2.932 
-0.034 0.523 2.938 
-0.041 0.525 2.945 
-0.048 0.526 2.951 
-0.054 0.527 2.952 
-0.061 0.529 2.952 
-0.068 0.530 2.953 
-0.075 0.531 2.957 
-0.082 0.533 2.963 
-0.089 0.534 2.969 
-0.096 0.535 2.972 
-0.104 0.536 2.974 
-0.111 0.538 2.976 
-0.118 0.539 2.979 
-0.125 0.540 2.981 
-0.132 0.541 2.982 
-0.140 0.542 2.987 
-0.147 0.543 2.992 
-0.154 0.544 2.995 
-0.161 0.545 2.999 
-0.168 0.546 3.004 
-0.175 0.547 3.011 
-0.182 0.548 3.016 
-0.189 0.549 3.020 
-0.196 0.550 3.024 
-0.203 0.551 3.028 
-0.210 0.552 3.031 
-0.217 0.552 3.035 
-0.225 0.553 3.040 
-0.232 0.554 3.046 
-0.239 0.555 3.051 
-0.246 0.555 3.054 
-0.253 0.556 3.058 
-0.261 0.556 3.062 
-0.268 0.557 3.067 
-0.275 0.558 3.072 
-0.283 0.558 3.077 
-0.290 0.558 3.082 
-0.297 0.559 3.086 
-0.304 0.559 3.091 
-0.312 0.560 3.094 
-0.320 0.560 3.094 
-0.327 0.560 3.094 
-0.334 0.561 3.093 
-0.342 0.561 3.091 
-0.349 0.561 3.089 
-0.356 0.562 3.089 
-0.363 0.562 3.091 
-0.370 0.563 3.095 
-0.378 0.563 3.098 
-0.385 0.563 3.100 
-0.392 0.563 3.102 
-0.400 0.564 3.106 
-0.407 0.564 3.110 
-0.414 0.564 3.114 
-0.422 0.564 3.116 
-0.429 0.565 3.118 
-0.436 0.565 3.120 
-0.443 0.565 3.120 
-0.451 0.565 3.119 
-0.458 0.565 3.120 
-0.465 0.565 3.120 
-0.471 0.565 3.119 
-0.476 0.566 3.117 
-0.481 0.566 3.116 
-0.486 0.566 3.113 
-0.491 0.566 3.103 
-0.496 0.566 3.099 
-0.500 0.566 3.095 
-0.504 0.567 3.085 
-0.508 0.567 3.074 
-0.512 0.567 3.064 
-0.516 0.568 3.053 
-0.520 0.568 3.050 
-0.524 0.568 3.050 
-0.527 0.568 3.050 
-0.529 0.569 3.048 
-0.531 0.569 3.046 
-0.533 0.569 3.045 
-0.533 0.569 3.044 
-0.533 0.569 3.044 
-0.532 0.569 3.045 
-0.531 0.569 3.046 
-0.529 0.569 3.048 
-0.526 0.568 3.051 
-0.523 0.568 3.054 
-0.519 0.568 3.056 
-0.515 0.567 3.052 
-0.510 0.567 3.041 
-0.506 0.567 3.030 
-0.502 0.566 3.020 
-0.498 0.566 3.005 
-0.494 0.565 2.988 
-0.491 0.564 2.970 
-0.487 0.564 2.956 
-0.484 0.563 2.943 
-0.481 0.563 2.928 
-0.479 0.562 2.911 
-0.478 0.562 2.895 
-0.476 0.561 2.887 
-0.474 0.561 2.882 
-0.474 0.561 2.875 
-0.473 0.561 2.867 
-0.473 0.561 2.858 
-0.474 0.561 2.852 
-0.474 0.561 2.851 
-0.474 0.561 2.851 
-0.474 0.561 2.849 
-0.475 0.561 2.846 
-0.477 0.562 2.842 
-0.478 0.562 2.840 
-0.478 0.562 2.840 
-0.477 0.562 2.842 
-0.476 0.562 2.846 
-0.474 0.561 2.852 
-0.472 0.560 2.861 
-0.469 0.560 2.873 
-0.466 0.559 2.888 
-0.463 0.558 2.901 
-0.460 0.557 2.909 
-0.456 0.556 2.916 
-0.452 0.555 2.921 
-0.449 0.555 2.922 
-0.445 0.554 2.921 
-0.441 0.553 2.918 
-0.436 0.552 2.912 
-0.431 0.551 2.904 
-0.427 0.549 2.896 
-0.422 0.548 2.887 
-0.418 0.547 2.874 
-0.415 0.546 2.857 
-0.411 0.545 2.849 
-0.408 0.544 2.845 
-0.406 0.544 2.841 
-0.405 0.543 2.837 
-0.405 0.543 2.833 
-0.405 0.543 2.830 
-0.406 0.544 2.827 
-0.408 0.544 2.821 
-0.410 0.545 2.814 
-0.413 0.546 2.807 
-0.416 0.547 2.802 
-0.420 0.548 2.793 
-0.423 0.550 2.783 
-0.426 0.551 2.773 
-0.429 0.552 2.761 
-0.432 0.553 2.748 
-0.436 0.555 2.732 
-0.439 0.556 2.717 
-0.443 0.558 2.704 
-0.448 0.560 2.691 
-0.453 0.563 2.676 
-0.459 0.566 2.662 
-0.465 0.569 2.642 
-0.471 0.573 2.618 
-0.477 0.576 2.592 
-0.483 0.580 2.565 
-0.489 0.584 2.536 
-0.495 0.588 2.507 
-0.500 0.592 2.478 
-0.506 0.596 2.450 
-0.511 0.601 2.423 
-0.516 0.605 2.396 
-0.522 0.610 2.369 
-0.527 0.615 2.343 
-0.531 0.620 2.320 
-0.536 0.625 2.297 
-0.541 0.631 2.275 
-0.545 0.636 2.253 
-0.549 0.642 2.228 
-0.553 0.647 2.201 
-0.556 0.651 2.174 
-0.559 0.655 2.149 
-0.562 0.659 2.129 
-0.564 0.663 2.111 
-0.566 0.667 2.093 
-0.569 0.671 2.073 
-0.571 0.676 2.048 
-0.574 0.681 2.019 
-0.576 0.687 1.990 
-0.579 0.692 1.961 
-0.581 0.698 1.934 
-0.583 0.704 1.910 
-0.585 0.710 1.891 
-0.587 0.716 1.876 
-0.589 0.723 1.866 
-0.591 0.729 1.855 
-0.593 0.736 1.846 
-0.595 0.743 1.838 
-0.597 0.749 1.830 
-0.599 0.756 1.824 
-0.600 0.763 1.819 
-0.602 0.770 1.814 
-0.604 0.778 1.811 
-0.606 0.785 1.809 
-0.607 0.792 1.807 
-0.609 0.799 1.804 
-0.611 0.806 1.801 
-0.612 0.812 1.799 
-0.614 0.819 1.799 
-0.615 0.826 1.798 
-0.617 0.833 1.798 
-0.619 0.840 1.798 
-0.620 0.847 1.797 
-0.622 0.853 1.797 
-0.623 0.860 1.795 
-0.625 0.867 1.794 
-0.626 0.874 1.794 
-0.628 0.882 1.796 
-0.630 0.889 1.798 
-0.631 0.896 1.800 
-0.633 0.903 1.803 
-0.635 0.909 1.805 
-0.636 0.916 1.808 
-0.638 0.923 1.811 
-0.640 0.930 1.815 
-0.641 0.937 1.819 
-0.643 0.944 1.823 
-0.645 0.950 1.825 
-0.646 0.957 1.828 
-0.648 0.964 1.833 
-0.650 0.971 1.839 
-0.652 0.978 1.844 
-0.654 0.985 1.852 
-0.656 0.992 1.860 
-0.658 0.998 1.867 
-0.660 1.006 1.877 
-0.663 1.012 1.888 
-0.665 1.019 1.898 
-0.667 1.026 1.901 
-0.669 1.032 1.904 
-0.672 1.039 1.909 
-0.674 1.046 1.916 
-0.677 1.053 1.923 
-0.679 1.060 1.931 
-0.682 1.067 1.940 
-0.685 1.073 1.949 
-0.687 1.080 1.958 
-0.690 1.087 1.964 
-0.693 1.094 1.964 
-0.696 1.100 1.965 
-0.698 1.107 1.969 
-0.701 1.114 1.976 
-0.704 1.120 1.983 
-0.707 1.127 1.992 
-0.710 1.133 2.002 
-0.713 1.140 2.011 
-0.716 1.146 2.018 
-0.719 1.152 2.026 
-0.722 1.158 2.035 
-0.725 1.165 2.042 
-0.728 1.171 2.047 
-0.732 1.177 2.051 
-0.735 1.184 2.059 
-0.738 1.190 2.068 
-0.742 1.196 2.079 
-0.745 1.202 2.093 
-0.749 1.208 2.108 
-0.753 1.215 2.123 
-0.756 1.221 2.137 
-0.760 1.227 2.149 
-0.764 1.233 2.161 
-0.768 1.239 2.175 
-0.773 1.245 2.191 
-0.777 1.250 2.206 
-0.781 1.256 2.219 
-0.785 1.261 2.232 
-0.789 1.267 2.247 
-0.794 1.272 2.263 
-0.798 1.277 2.276 
-0.803 1.283 2.287 
-0.807 1.288 2.303 
-0.812 1.293 2.320 
-0.817 1.298 2.336 
-0.822 1.304 2.353 
-0.827 1.309 2.370 
-0.832 1.313 2.385 
-0.837 1.318 2.400 
-0.843 1.323 2.416 
-0.848 1.328 2.434 
-0.854 1.332 2.451 
-0.859 1.337 2.467 
-0.864 1.341 2.482 
-0.870 1.345 2.499 
-0.875 1.349 2.518 
-0.880 1.352 2.534 
-0.885 1.356 2.549 
-0.891 1.360 2.561 
-0.897 1.364 2.572 
-0.903 1.367 2.584 
-0.909 1.371 2.596 
-0.915 1.375 2.611 
-0.921 1.378 2.628 
-0.927 1.382 2.644 
-0.933 1.385 2.660 
-0.940 1.388 2.678 
-0.946 1.391 2.695 
-0.952 1.394 2.712 
-0.958 1.397 2.726 
-0.964 1.399 2.739 
-0.970 1.402 2.751 
-0.976 1.404 2.759 
-0.982 1.407 2.763 
-0.988 1.409 2.768 
-0.994 1.411 2.778 
-1.001 1.414 2.791 
-1.007 1.416 2.803 
-1.014 1.418 2.817 
-1.021 1.421 2.831 
-1.027 1.423 2.846 
-1.035 1.425 2.863 
-1.041 1.427 2.878 
-1.048 1.429 2.891 
-1.055 1.430 2.905 
-1.061 1.432 2.918 
-1.067 1.433 2.929 
-1.074 1.434 2.939 
-1.081 1.436 2.947 
-1.088 1.437 2.956 
-1.095 1.438 2.969 
-1.102 1.440 2.978 
-1.109 1.441 2.986 
-1.116 1.442 2.994 
-1.123 1.443 3.001 
-1.130 1.444 3.008 
-1.138 1.445 3.017 
-1.145 1.446 3.026 
-1.151 1.446 3.032 
-1.158 1.447 3.038 
-1.166 1.448 3.044 
-1.173 1.449 3.050 
-1.180 1.449 3.056 
-1.187 1.450 3.061 
-1.195 1.450 3.067 
-1.202 1.451 3.079 
-1.208 1.451 3.094 
-1.214 1.451 3.108 
-1.220 1.452 3.123 
-1.227 1.452 3.139 
-1.233 1.452 -3.131 
-1.238 1.452 -3.117 
-1.244 1.451 -3.103 
-1.250 1.451 -3.088 
-1.255 1.451 -3.074 
-1.261 1.450 -3.059 
-1.266 1.450 -3.038 
-1.271 1.449 -3.022 
-1.277 1.449 -3.008 
-1.282 1.448 -2.990 
-1.287 1.447 -2.970 
-1.292 1.446 -2.950 
-1.297 1.445 -2.929 
-1.302 1.444 -2.908 
-1.307 1.443 -2.888 
-1.311 1.442 -2.871 
-1.315 1.440 -2.854 
-1.319 1.439 -2.837 
-1.324 1.438 -2.819 
-1.328 1.436 -2.804 
-1.333 1.435 -2.789 
-1.338 1.433 -2.769 
-1.342 1.431 -2.749 
-1.346 1.429 -2.729 
-1.349 1.428 -2.710 
-1.354 1.426 -2.691 
-1.358 1.424 -2.671 
-1.362 1.422 -2.652 
-1.366 1.419 -2.634 
-1.370 1.417 -2.617 
-1.375 1.414 -2.600 
-1.379 1.412 -2.582 
-1.382 1.409 -2.566 
-1.386 1.407 -2.550 
-1.390 1.404 -2.532 
-1.393 1.402 -2.515 
-1.396 1.400 -2.499 
-1.399 1.398 -2.481 
-1.402 1.395 -2.462 
-1.405 1.393 -2.446 
-1.408 1.390 -2.429 
-1.411 1.387 -2.412 
-1.414 1.385 -2.396 
-1.417 1.382 -2.380 
-1.420 1.379 -2.366 
-1.423 1.376 -2.355 
-1.426 1.373 -2.339 
-1.429 1.370 -2.326 
-1.432 1.367 -2.319 
-1.434 1.364 -2.311 
-1.437 1.361 -2.303 
-1.439 1.359 -2.296 
-1.442 1.356 -2.294 
-1.444 1.353 -2.296 
-1.447 1.350 -2.298 
-1.449 1.347 -2.297 
-1.452 1.344 -2.295 
-1.455 1.341 -2.293 
-1.457 1.338 -2.290 
-1.460 1.335 -2.288 
-1.462 1.333 -2.286 
-1.465 1.330 -2.286 
-1.467 1.327 -2.288 
-1.470 1.324 -2.289 
-1.473 1.321 -2.289 
-1.475 1.318 -2.287 
-1.477 1.315 -2.284 
-1.480 1.312 -2.282 
-1.482 1.310 -2.280 
-1.485 1.307 -2.277 
-1.487 1.304 -2.277 
-1.488 1.302 -2.281 
-1.490 1.301 -2.289 
-1.491 1.300 -2.300 
-1.491 1.299 -2.310 
-1.492 1.299 -2.318 
-1.492 1.298 -2.322 
-1.492 1.298 -2.323 
-1.492 1.298 -2.323 
-1.492 1.298 -2.320 
-1.492 1.298 -2.312 
-1.493 1.298 -2.300 
-1.493 1.297 -2.286 
-1.494 1.296 -2.275 
-1.494 1.296 -2.269 
-1.494 1.296 -2.266 
-1.494 1.296 -2.266 
-1.494 1.296 -2.266 
-1.494 1.296 -2.266 
-1.494 1.296 -2.266 
-1.494 1.296 -2.266 
-1.494 1.296 -2.266 
-1.494 1.296 -2.266 
-1.494 1.296 -2.266 
-1.494 1.296 -2.266 
-1.494 1.296 -2.266 
-1.494 1.296 -2.266 
-1.494 1.296 -2.266 
-1.494 1.296 -2.266 
-1.494 1.296 -2.266 
-1.494 1.296 -2.266 
-1.494 1.296 -2.266 
-1.494 1.296 -2.266 
-1.494 1.296 -2.266 
-1.494 1.296 -2.266 
-1.494 1.296 -2.266 
-1.494 1.296 -2.266 
-1.494 1.296 -2.266 
-1.494 1.296 -2.266 
-1.494 1.296 -2.266 
-1.494 1.296 -2.266 
-1.494 1.296 -2.266 
-1.494 1.296 -2.266 
-1.494 1.296 -2.266 
-1.494 1.296 -2.266 
-1.494 1.296 -2.266 
-1.494 1.296 -2.266 
-1.494 1.296 -2.266 
-1.494 1.296 -2.266 
-1.494 1.296 -2.266 
-1.494 1.296 -2.266 
-1.494 1.296 -2.266 
-1.494 1.296 -2.266 
-1.494 1.296 -2.266 
-1.494 1.296 -2.266 
-1.494 1.296 -2.266 
-1.494 1.296 -2.266 
-1.494 1.296 -2.266 
-1.494 1.296 -2.266 
-1.494 1.296 -2.266 
-1.494 1.296 -2.266 
-1.494 1.296 -2.266 
-1.494 1.296 -2.266 
-1.494 1.296 -2.266 
-1.494 1.296 -2.266 
-1.494 1.296 -2.266 
-1.494 1.296 -2.266 
-1.494 1.296 -2.266 
-1.494 1.296 -2.266 
-1.494 1.296 -2.266 
-1.494 1.296 -2.266 
-1.494 1.296 -2.266 
-1.494 1.296 -2.266 
-1.494 1.296 -2.266 
-1.494 1.296 -2.266 
-1.494 1.296 -2.266 
-1.494 1.296 -2.266 
-1.494 1.296 -2.266 
-1.494 1.296 -2.266 
-1.494 1.296 -2.266 
-1.494 1.296 -2.266 
-1.494 1.296 -2.266 
-1.494 1.296 -2.266 
-1.494 1.296 -2.266 
-1.494 1.296 -2.266 
-1.494 1.296 -2.266 
-1.494 1.296 -2.266 
-1.494 1.296 -2.266 
-1.494 1.296 -2.266 
-1.494 1.296 -2.266 
-1.494 1.296 -2.266 
-1.494 1.296 -2.266 
-1.494 1.296 -2.266 
-1.494 1.296 -2.266 
-1.494 1.296 -2.266 
-1.494 1.296 -2.266 
-1.494 1.296 -2.266 
-1.494 1.296 -2.266 
-1.494 1.296 -2.266 
-1.494 1.296 -2.266 
-1.494 1.296 -2.266 
-1.494 1.296 -2.266 
-1.494 1.296 -2.266 
-1.494 1.296 -2.266 
-1.494 1.296 -2.266 
-1.494 1.296 -2.266 
-1.494 1.296 -2.266 
-1.494 1.296 -2.266 
-1.494 1.296 -2.266 
-1.494 1.296 -2.266 
-1.494 1.296 -2.266 
-1.494 1.296 -2.266 
-1.494 1.296 -2.266 
-1.494 1.296 -2.266 
-1.494 1.296 -2.266 
-1.494 1.296 -2.266 
-1.494 1.296 -2.266 
-1.494 1.296 -2.266 
-1.494 1.296 -2.266 
-1.494 1.296 -2.266 
-1.494 1.296 -2.266 
-1.494 1.296 -2.266 
-1.494 1.296 -2.266 
-1.494 1.296 -2.266 
-1.494 1.296 -2.266 
-1.494 1.296 -2.266 
-1.494 1.296 -2.266 
-1.494 1.296 -2.266 
-1.494 1.296 -2.266 
-1.494 1.296 -2.266 
-1.494 1.296 -2.266 
-1.494 1.296 -2.266 
-1.494 1.296 -2.266 
-1.494 1.296 -2.266 
-1.494 1.296 -2.266 
-1.494 1.296 -2.266 
-1.494 1.296 -2.266 
-1.494 1.296 -2.266 
-1.494 1.296 -2.266 
-1.494 1.296 -2.266 
-1.494 1.296 -2.266 
-1.494 1.296 -2.266 
-1.494 1.296 -2.266 
-1.494 1.296 -2.266 
-1.494 1.296 -2.266 
-1.494 1.296 -2.266 
-1.494 1.296 -2.266 
-1.494 1.296 -2.266 
-1.494 1.296 -2.266 
-1.494 1.296 -2.266 
-1.494 1.296 -2.266 
-1.494 1.296 -2.266 
-1.494 1.296 -2.266 
-1.494 1.296 -2.266 
-1.494 1.296 -2.266 
-1.494 1.296 -2.266 
-1.494 1.296 -2.266 
-1.494 1.296 -2.266 
-1.494 1.296 -2.266 
-1.494 1.296 -2.266 
-1.494 1.296 -2.266 
-1.494 1.296 -2.266 
-1.494 1.296 -2.266 
-1.494 1.296 -2.266 
-1.494 1.296 -2.266 
-1.494 1.296 -2.266 
-1.494 1.296 -2.266 
-1.494 1.296 -2.266 
-1.494 1.296 -2.266 
-1.494 1.296 -2.266 
-1.494 1.296 -2.266 
-1.494 1.296 -2.266 
-1.494 1.296 -2.266 
-1.494 1.296 -2.266 
-1.494 1.296 -2.266 
-1.494 1.296 -2.266 
-1.494 1.296 -2.266 
-1.494 1.296 -2.266 
-1.494 1.296 -2.266 
-1.494 1.296 -2.266 
-1.494 1.296 -2.266 
-1.494 1.296 -2.266 
-1.494 1.296 -2.266 
-1.494 1.296 -2.266 
-1.494 1.296 -2.266 
-1.494 1.296 -2.266 
-1.494 1.296 -2.266 
-1.494 1.296 -2.266 
-1.494 1.296 -2.266 
-1.494 1.296 -2.266 
-1.494 1.296 -2.266 
-1.494 1.296 -2.266 
-1.494 1.296 -2.266 
-1.494 1.296 -2.266 
-1.494 1.296 -2.266 
-1.494 1.296 -2.266 
-1.494 1.296 -2.266 
-1.494 1.296 -2.266 
-1.494 1.296 -2.266 
-1.494 1.296 -2.266 
-1.494 1.296 -2.266 
-1.494 1.296 -2.266 
-1.494 1.296 -2.266 
-1.494 1.296 -2.266 
-1.494 1.296 -2.266 
-1.494 1.296 -2.266 
-1.494 1.296 -2.266 
-1.494 1.296 -2.266 
-1.494 1.296 -2.266 
-1.494 1.296 -2.266 
-1.494 1.296 -2.266 
-1.494 1.296 -2.266 
-1.494 1.296 -2.266 
-1.494 1.296 -2.266 
-1.494 1.296 -2.266 
-1.494 1.296 -2.266 
-1.494 1.296 -2.266 
-1.494 1.296 -2.266 
-1.494 1.296 -2.266 
-1.494 1.296 -2.266 
-1.494 1.296 -2.266 
-1.494 1.296 -2.266 
-1.494 1.296 -2.266 
-1.494 1.296 -2.266 
-1.494 1.296 -2.266 
-1.494 1.296 -2.266 
-1.494 1.296 -2.266 
-1.494 1.296 -2.266 
-1.494 1.296 -2.266 
-1.494 1.296 -2.266 
-1.494 1.296 -2.266 
-1.494 1.296 -2.266 
-1.494 1.296 -2.266 
-1.494 1.296 -2.266 
-1.494 1.296 -2.266 
-1.494 1.296 -2.266 
-1.494 1.296 -2.266 
-1.494 1.296 -2.266 
-1.494 1.296 -2.266 
-1.494 1.296 -2.266 
-1.494 1.296 -2.266 
-1.494 1.296 -2.266 
-1.494 1.296 -2.266 
-1.494 1.296 -2.266 
-1.494 1.296 -2.266 
-1.494 1.296 -2.266 
-1.494 1.296 -2.266 
-1.494 1.296 -2.266 
-1.494 1.296 -2.266 
-1.494 1.296 -2.266 
-1.494 1.296 -2.266 
-1.494 1.296 -2.266 
-1.494 1.296 -2.266 
-1.494 1.296 -2.266 
-1.494 1.296 -2.266 
-1.494 1.296 -2.266 
-1.494 1.296 -2.266 
-1.494 1.296 -2.266 
-1.494 1.296 -2.266 
-1.494 1.296 -2.266 
-1.494 1.296 -2.266 
-1.494 1.296 -2.266 
-1.494 1.296 -2.266 
-1.494 1.296 -2.266 
-1.494 1.296 -2.266 
-1.494 1.296 -2.266 
-1.494 1.296 -2.266 
-1.494 1.296 -2.266 
-1.494 1.296 -2.266 
-1.494 1.296 -2.266 
-1.494 1.296 -2.266 
-1.494 1.296 -2.266 
-1.494 1.296 -2.266 
-1.494 1.296 -2.266 
-1.494 1.296 -2.266 
-1.494 1.296 -2.266 
-1.494 1.296 -2.266 
-1.494 1.296 -2.266 
-1.494 1.296 -2.266 
-1.494 1.296 -2.266 
-1.494 1.296 -2.266 
-1.494 1.296 -2.266 
-1.494 1.296 -2.266 
-1.494 1.296 -2.266 
-1.494 1.296 -2.266 
-1.494 1.296 -2.266 
-1.494 1.296 -2.266 
-1.494 1.296 -2.266 
-1.494 1.296 -2.266 
-1.494 1.296 -2.266 
-1.494 1.296 -2.266 
-1.494 1.296 -2.266 
-1.494 1.296 -2.266 
-1.494 1.296 -2.266 
-1.494 1.296 -2.266 
-1.494 1.296 -2.266 
-1.494 1.296 -2.266 
-1.494 1.296 -2.266 
-1.494 1.296 -2.266 
-1.494 1.296 -2.266 
-1.494 1.296 -2.266 
-1.494 1.296 -2.266 
-1.494 1.296 -2.266 
-1.494 1.296 -2.266 
-1.494 1.296 -2.266 
-1.494 1.296 -2.266 
-1.494 1.296 -2.266 
-1.494 1.296 -2.266 
-1.494 1.296 -2.266 
-1.494 1.296 -2.266 
-1.494 1.296 -2.266 
-1.494 1.296 -2.266 
-1.494 1.296 -2.266 
-1.494 1.296 -2.266 
-1.494 1.296 -2.266 
-1.494 1.296 -2.266 
-1.494 1.296 -2.266 
-1.494 1.296 -2.266 
-1.494 1.296 -2.266 
-1.494 1.296 -2.266 
-1.494 1.296 -2.266 
-1.494 1.296 -2.266 
-1.494 1.296 -2.266 
-1.494 1.296 -2.266 
-1.494 1.296 -2.266 
-1.494 1.296 -2.266 
-1.494 1.296 -2.266 
-1.494 1.296 -2.266 
-1.494 1.296 -2.266 
-1.494 1.296 -2.266 
-1.494 1.296 -2.266 
-1.494 1.296 -2.266 
-1.494 1.296 -2.266 
-1.494 1.296 -2.266 
-1.494 1.296 -2.266 
-1.494 1.296 -2.266 
-1.494 1.296 -2.266 
-1.494 1.296 -2.266 
-1.494 1.296 -2.266 
-1.494 1.296 -2.266 
-1.494 1.296 -2.266 
-1.494 1.296 -2.266 
-1.494 1.296 -2.266 
-1.494 1.296 -2.266 
-1.494 1.296 -2.266 
-1.494 1.296 -2.266 
-1.494 1.296 -2.266 
-1.494 1.296 -2.266 
-1.494 1.296 -2.266 
-1.494 1.296 -2.266 
-1.494 1.296 -2.266 
-1.494 1.296 -2.266 
-1.494 1.296 -2.266 
-1.494 1.296 -2.266 
-1.494 1.296 -2.266 
-1.494 1.296 -2.266 
-1.494 1.296 -2.266 
-1.494 1.296 -2.266 
-1.494 1.296 -2.266 
-1.494 1.296 -2.266 
-1.494 1.296 -2.266 
-1.494 1.296 -2.266 
-1.494 1.296 -2.266 
-1.494 1.296 -2.266 
-1.494 1.296 -2.266 
-1.494 1.296 -2.266 
-1.494 1.296 -2.266 
-1.494 1.296 -2.266 
-1.494 1.296 -2.266 
-1.494 1.296 -2.266 
-1.494 1.296 -2.266 
-1.494 1.296 -2.266 
-1.494 1.296 -2.266 
-1.494 1.296 -2.266 
-1.494 1.296 -2.266 
-1.494 1.296 -2.266 
-1.494 1.296 -2.266 
-1.494 1.296 -2.266 
-1.494 1.296 -2.266 
-1.494 1.296 -2.266 
-1.494 1.296 -2.266 
-1.494 1.296 -2.266 
-1.494 1.296 -2.266 
-1.494 1.296 -2.266 
-1.494 1.296 -2.266 
-1.494 1.296 -2.266 
-1.494 1.296 -2.266 
-1.494 1.296 -2.266 
-1.494 1.296 -2.266 
-1.494 1.296 -2.266 
-1.494 1.296 -2.266 
-1.494 1.296 -2.266 
-1.494 1.296 -2.266 
-1.494 1.296 -2.266 
-1.494 1.296 -2.266 
-1.494 1.296 -2.266 
-1.494 1.296 -2.266 
-1.494 1.296 -2.266 
-1.494 1.296 -2.266 
-1.494 1.296 -2.266 
-1.494 1.296 -2.266 
-1.494 1.296 -2.266 
-1.494 1.296 -2.266 
-1.494 1.296 -2.266 
-1.494 1.296 -2.266 
-1.494 1.296 -2.266 
-1.494 1.296 -2.266 
-1.494 1.296 -2.266 
-1.494 1.296 -2.266 
-1.494 1.296 -2.266 
-1.494 1.296 -2.266 
-1.494 1.296 -2.266 
-1.494 1.296 -2.266 
-1.494 1.296 -2.266 
-1.494 1.296 -2.266 
-1.494 1.296 -2.266 
-1.494 1.296 -2.266 
-1.494 1.296 -2.266 
-1.494 1.296 -2.266 
-1.494 1.296 -2.266 
-1.494 1.296 -2.266 
-1.494 1.296 -2.266 
-1.494 1.296 -2.266 
-1.494 1.296 -2.266 
-1.494 1.296 -2.266 
-1.494 1.296 -2.266 
-1.494 1.296 -2.266 
-1.494 1.296 -2.266 
-1.494 1.296 -2.266 
-1.494 1.296 -2.266 
-1.494 1.296 -2.266 
-1.494 1.296 -2.266 
-1.494 1.296 -2.266 
-1.494 1.296 -2.266 
-1.494 1.296 -2.266 
-1.494 1.296 -2.266 
-1.494 1.296 -2.266 
-1.494 1.296 -2.266 
-1.494 1.296 -2.266 
-1.494 1.296 -2.266 
-1.494 1.296 -2.266 
-1.494 1.296 -2.266 
-1.494 1.296 -2.266 
-1.494 1.296 -2.266 
-1.494 1.296 -2.266 
-1.494 1.296 -2.266 
-1.494 1.296 -2.266 
-1.494 1.296 -2.266 
-1.494 1.296 -2.266 
-1.494 1.296 -2.266 
-1.494 1.296 -2.266 
-1.494 1.296 -2.266 
-1.494 1.296 -2.266 
-1.494 1.296 -2.266 
-1.494 1.296 -2.266 
-1.494 1.296 -2.266 
-1.494 1.296 -2.266 
-1.494 1.296 -2.266 
-1.494 1.296 -2.266 
-1.494 1.296 -2.266 
-1.494 1.296 -2.266 
-1.494 1.296 -2.266 
-1.494 1.296 -2.266 
-1.494 1.296 -2.266 
-1.494 1.296 -2.266 
-1.494 1.296 -2.266 
-1.494 1.296 -2.266 
-1.494 1.296 -2.266 
-1.494 1.296 -2.266 
-1.494 1.296 -2.266 
-1.494 1.296 -2.266 
-1.494 1.296 -2.266 
-1.494 1.296 -2.266 
-1.494 1.296 -2.266 
-1.494 1.296 -2.266 
-1.494 1.296 -2.266 
-1.494 1.296 -2.266 
-1.494 1.296 -2.266 
-1.494 1.296 -2.266 
-1.494 1.296 -2.266 
-1.494 1.296 -2.266 
-1.494 1.296 -2.266 
-1.494 1.296 -2.266 
-1.494 1.296 -2.266 
-1.494 1.296 -2.266 
-1.494 1.296 -2.266 
-1.494 1.296 -2.266 
-1.494 1.296 -2.266 
-1.494 1.296 -2.266 
-1.494 1.296 -2.266 
-1.494 1.296 -2.266 
-1.494 1.296 -2.266 
-1.494 1.296 -2.266 
-1.494 1.296 -2.266 
-1.494 1.296 -2.266 
-1.494 1.296 -2.266 
-1.494 1.296 -2.266 
-1.494 1.296 -2.266 
-1.494 1.296 -2.266 
-1.494 1.296 -2.266 
-1.494 1.296 -2.266 
-1.494 1.296 -2.266 
-1.494 1.296 -2.266 
-1.494 1.296 -2.266 
-1.494 1.296 -2.266 
-1.494 1.296 -2.266 
-1.494 1.296 -2.266 
-1.494 1.296 -2.266 
-1.494 1.296 -2.266 
-1.494 1.296 -2.266 
-1.494 1.296 -2.266 
-1.494 1.296 -2.266 
-1.494 1.296 -2.266 
-1.494 1.296 -2.266 
-1.494 1.296 -2.266 
-1.494 1.296 -2.266 
-1.494 1.296 -2.266 
-1.494 1.296 -2.266 
-1.494 1.296 -2.266 
-1.494 1.296 -2.265 
-1.494 1.296 -2.264 
-1.495 1.296 -2.263 
-1.495 1.295 -2.263 
-1.495 1.295 -2.265 
-1.495 1.295 -2.268 
-1.495 1.295 -2.272 
-1.496 1.294 -2.277 
-1.497 1.293 -2.282 
-1.498 1.291 -2.288 
-1.500 1.289 -2.294 
-1.502 1.287 -2.299 
-1.505 1.284 -2.298 
-1.507 1.281 -2.294 
-1.510 1.278 -2.290 
-1.512 1.275 -2.282 
-1.515 1.272 -2.272 
-1.517 1.269 -2.262 
-1.520 1.266 -2.256 
-1.523 1.262 -2.252 
-1.526 1.258 -2.245 
-1.529 1.254 -2.235 
-1.532 1.251 -2.223 
-1.534 1.248 -2.210 
-1.536 1.245 -2.199 
-1.539 1.242 -2.191 
-1.541 1.238 -2.183 
-1.544 1.234 -2.170 
-1.546 1.231 -2.152 
-1.549 1.227 -2.130 
-1.552 1.222 -2.106 
-1.554 1.218 -2.081 
-1.557 1.213 -2.053 
-1.560 1.207 -2.022 
-1.563 1.201 -1.994 
-1.566 1.194 -1.969 
-1.568 1.187 -1.945 
-1.571 1.181 -1.924 
-1.573 1.174 -1.901 
-1.575 1.167 -1.879 
-1.578 1.161 -1.858 
-1.579 1.154 -1.836 
-1.581 1.147 -1.817 
-1.583 1.140 -1.799 
-1.584 1.134 -1.782 
-1.586 1.127 -1.763 
-1.587 1.120 -1.746 
-1.588 1.113 -1.728 
-1.589 1.105 -1.711 
-1.590 1.098 -1.694 
-1.591 1.091 -1.676 
-1.592 1.085 -1.658 
-1.592 1.078 -1.643 
-1.593 1.072 -1.628 
-1.593 1.065 -1.610 
-1.593 1.057 -1.591 
-1.593 1.050 -1.573 
-1.593 1.043 -1.554 
-1.593 1.036 -1.536 
-1.593 1.028 -1.517 
-1.592 1.021 -1.498 
-1.592 1.014 -1.480 
-1.591 1.007 -1.462 
-1.590 1.000 -1.447 
-1.589 0.992 -1.432 
-1.588 0.985 -1.415 
-1.587 0.978 -1.398 
-1.586 0.971 -1.381 
-1.584 0.963 -1.364 
-1.583 0.956 -1.347 
-1.581 0.950 -1.330 
-1.579 0.943 -1.313 
-1.577 0.937 -1.297 
-1.576 0.930 -1.283 
-1.573 0.923 -1.267 
-1.571 0.916 -1.248 
-1.569 0.909 -1.229 
-1.566 0.903 -1.210 
-1.564 0.896 -1.192 
-1.561 0.889 -1.174 
-1.558 0.883 -1.156 
-1.555 0.876 -1.142 
-1.552 0.870 -1.130 
-1.549 0.863 -1.116 
-1.546 0.857 -1.100 
-1.543 0.851 -1.086 
-1.540 0.845 -1.070 
-1.536 0.838 -1.054 
-1.533 0.832 -1.039 
-1.529 0.826 -1.023 
-1.525 0.820 -1.010 
-1.521 0.814 -0.997 
-1.518 0.809 -0.981 
-1.514 0.803 -0.964 
-1.510 0.797 -0.947 
-1.506 0.792 -0.931 
-1.502 0.787 -0.916 
-1.498 0.781 -0.907 
-1.493 0.775 -0.897 
-1.489 0.770 -0.885 
-1.484 0.764 -0.874 
-1.479 0.759 -0.862 
-1.475 0.753 -0.849 
-1.470 0.748 -0.838 
-1.465 0.743 -0.826 
-1.460 0.738 -0.815 
-1.456 0.733 -0.804 
-1.451 0.728 -0.794 
-1.446 0.723 -0.782 
-1.441 0.718 -0.771 
-1.436 0.713 -0.763 
-1.430 0.708 -0.753 
-1.425 0.703 -0.744 
-1.420 0.698 -0.732 
-1.414 0.693 -0.716 
-1.409 0.689 -0.701 
-1.404 0.684 -0.689 
-1.398 0.680 -0.675 
-1.393 0.676 -0.661 
-1.388 0.672 -0.649 
-1.383 0.668 -0.637 
-1.377 0.664 -0.628 
-1.372 0.660 -0.619 
-1.366 0.656 -0.614 
-1.361 0.652 -0.609 
-1.355 0.648 -0.600 
-1.349 0.644 -0.588 
-1.343 0.640 -0.577 
-1.337 0.636 -0.567 
-1.331 0.632 -0.557 
-1.324 0.629 -0.548 
-1.318 0.625 -0.537 
-1.312 0.621 -0.525 
-1.306 0.618 -0.514 
-1.300 0.614 -0.502 
-1.293 0.611 -0.493 
-1.287 0.607 -0.484 
-1.281 0.604 -0.475 
-1.275 0.601 -0.465 
-1.269 0.598 -0.456 
-1.263 0.595 -0.447 
-1.256 0.592 -0.439 
-1.250 0.589 -0.431 
-1.243 0.586 -0.423 
-1.236 0.583 -0.413 
-1.230 0.580 -0.404 
-1.223 0.577 -0.395 
-1.216 0.575 -0.385 
-1.210 0.572 -0.376 
-1.203 0.569 -0.368 
-1.196 0.567 -0.359 
-1.190 0.564 -0.350 
-1.183 0.562 -0.341 
-1.176 0.559 -0.333 
-1.169 0.557 -0.325 
-1.162 0.555 -0.318 
-1.156 0.553 -0.312 
-1.149 0.551 -0.306 
-1.143 0.549 -0.301 
-1.135 0.546 -0.295 
-1.129 0.544 -0.290 
-1.122 0.542 -0.287 
-1.115 0.540 -0.283 
-1.108 0.538 -0.278 
-1.101 0.536 -0.270 
-1.094 0.535 -0.262 
-1.087 0.533 -0.255 
-1.080 0.531 -0.247 
-1.073 0.529 -0.242 
-1.066 0.527 -0.238 
-1.059 0.526 -0.234 
-1.052 0.524 -0.227 
-1.044 0.522 -0.220 
-1.037 0.521 -0.213 
-1.030 0.519 -0.206 
-1.023 0.518 -0.201 
-1.017 0.517 -0.195 
-1.010 0.515 -0.188 
-1.003 0.514 -0.181 
-0.997 0.513 -0.174 
-0.990 0.512 -0.166 
-0.983 0.510 -0.158 
-0.976 0.509 -0.152 
-0.968 0.508 -0.147 
-0.961 0.507 -0.143 
-0.954 0.506 -0.138 
-0.948 0.505 -0.135 
-0.942 0.505 -0.135 
-0.936 0.504 -0.139 
-0.931 0.503 -0.144 
-0.925 0.502 -0.151 
-0.920 0.501 -0.160 
-0.914 0.500 -0.170 
-0.908 0.499 -0.181 
-0.902 0.498 -0.194 
-0.896 0.497 -0.208 
-0.889 0.495 -0.222 
-0.883 0.494 -0.237 
-0.876 0.492 -0.256 
-0.870 0.491 -0.275 
-0.865 0.489 -0.295 
-0.858 0.487 -0.317 
-0.852 0.485 -0.341 
-0.846 0.483 -0.365 
-0.841 0.481 -0.387 
-0.837 0.479 -0.405 
-0.833 0.477 -0.419 
-0.830 0.476 -0.430 
-0.826 0.474 -0.438 
-0.823 0.472 -0.444 
-0.819 0.471 -0.449 
-0.816 0.469 -0.453 
-0.812 0.467 -0.458 
-0.809 0.466 -0.465 
-0.805 0.464 -0.473 
-0.802 0.462 -0.484 
-0.798 0.460 -0.497 
-0.793 0.458 -0.512 
-0.789 0.455 -0.529 
-0.783 0.451 -0.550 
-0.778 0.448 -0.569 
-0.772 0.444 -0.589 
-0.766 0.440 -0.609 
-0.760 0.436 -0.629 
-0.755 0.432 -0.648 
-0.749 0.428 -0.667 
-0.744 0.423 -0.686 
-0.738 0.419 -0.705 
-0.733 0.414 -0.723 
-0.727 0.409 -0.741 
-0.722 0.404 -0.758 
-0.717 0.399 -0.775 
-0.712 0.395 -0.792 
-0.708 0.390 -0.809 
-0.703 0.385 -0.827 
-0.698 0.379 -0.844 
-0.693 0.374 -0.860 
-0.689 0.369 -0.876 
-0.684 0.363 -0.890 
-0.680 0.358 -0.906 
-0.675 0.352 -0.921 
-0.671 0.346 -0.936 
-0.667 0.340 -0.952 
-0.663 0.335 -0.967 
-0.659 0.329 -0.981 
-0.656 0.324 -0.995 
-0.652 0.318 -1.009 
-0.648 0.312 -1.022 
-0.644 0.306 -1.035 
-0.641 0.300 -1.048 
-0.637 0.294 -1.058 
-0.634 0.287 -1.066 
-0.630 0.281 -1.075 
-0.627 0.275 -1.084 
-0.624 0.268 -1.094 
-0.620 0.262 -1.100 
-0.617 0.255 -1.106 
-0.614 0.249 -1.112 
-0.611 0.242 -1.122 
-0.608 0.236 -1.130 
-0.605 0.230 -1.136 
-0.602 0.224 -1.141 
-0.599 0.217 -1.144 
-0.596 0.211 -1.146 
-0.593 0.204 -1.149 
-0.590 0.198 -1.153 
-0.588 0.191 -1.159 
-0.585 0.185 -1.165 
-0.582 0.178 -1.171 
-0.579 0.171 -1.176 
-0.576 0.164 -1.180 
-0.573 0.158 -1.183 
-0.571 0.151 -1.186 
-0.568 0.144 -1.191 
-0.565 0.138 -1.194 
-0.563 0.132 -1.197 
-0.561 0.125 -1.200 
-0.558 0.119 -1.201 
-0.556 0.114 -1.201 
-0.554 0.107 -1.202 
-0.551 0.101 -1.206 
-0.549 0.095 -1.211 
-0.546 0.088 -1.215 
-0.544 0.081 -1.213 
-0.541 0.075 -1.211 
-0.539 0.068 -1.212 
-0.536 0.061 -1.213 
-0.533 0.054 -1.214 
-0.531 0.047 -1.215 
-0.528 0.040 -1.214 
-0.526 0.033 -1.211 
-0.523 0.026 -1.206 
-0.521 0.020 -1.200 
-0.518 0.013 -1.197 
-0.515 0.006 -1.194 
-0.513 -0.001 -1.191 
-0.510 -0.007 -1.189 
-0.507 -0.014 -1.184 
-0.504 -0.021 -1.178 
-0.502 -0.028 -1.173 
-0.499 -0.034 -1.166 
-0.496 -0.040 -1.158 
-0.493 -0.047 -1.150 
-0.490 -0.053 -1.142 
-0.487 -0.059 -1.137 
-0.484 -0.066 -1.130 
-0.481 -0.073 -1.122 
-0.478 -0.079 -1.113 
-0.475 -0.085 -1.107 
-0.472 -0.091 -1.101 
-0.469 -0.097 -1.094 
-0.466 -0.103 -1.086 
-0.462 -0.110 -1.084 
-0.459 -0.115 -1.079 
-0.456 -0.121 -1.073 
-0.453 -0.127 -1.065 
-0.450 -0.133 -1.057 
-0.446 -0.139 -1.050 
-0.442 -0.146 -1.040 
-0.439 -0.152 -1.031 
-0.435 -0.158 -1.021 
-0.431 -0.164 -1.013 
-0.428 -0.170 -1.005 
-0.424 -0.176 -0.995 
-0.420 -0.182 -0.984 
-0.416 -0.188 -0.974 
-0.412 -0.194 -0.965 
-0.408 -0.200 -0.956 
-0.403 -0.205 -0.948 
-0.399 -0.211 -0.937 
-0.395 -0.217 -0.926 
-0.391 -0.223 -0.915 
-0.386 -0.229 -0.904 
-0.381 -0.234 -0.897 
-0.377 -0.240 -0.888 
-0.373 -0.245 -0.878 
-0.368 -0.250 -0.867 
-0.364 -0.256 -0.853 
-0.359 -0.261 -0.839 
-0.354 -0.266 -0.827 
-0.350 -0.271 -0.816 
-0.345 -0.276 -0.805 
-0.340 -0.281 -0.794 
-0.335 -0.286 -0.785 
-0.330 -0.291 -0.777 
-0.325 -0.296 -0.768 
-0.320 -0.301 -0.760 
-0.314 -0.306 -0.752 
-0.309 -0.311 -0.743 
-0.305 -0.315 -0.734 
-0.300 -0.320 -0.726 
-0.294 -0.324 -0.716 
-0.289 -0.329 -0.706 
-0.283 -0.334 -0.696 
-0.278 -0.338 -0.689 
-0.273 -0.342 -0.683 
-0.267 -0.347 -0.673 
-0.262 -0.351 -0.663 
-0.256 -0.355 -0.653 
-0.250 -0.360 -0.643 
-0.244 -0.364 -0.636 
-0.239 -0.368 -0.630 
-0.233 -0.373 -0.623 
-0.227 -0.377 -0.614 
-0.221 -0.381 -0.606 
-0.215 -0.385 -0.597 
-0.209 -0.389 -0.588 
-0.203 -0.393 -0.578 
-0.197 -0.397 -0.568 
-0.191 -0.401 -0.560 
-0.185 -0.405 -0.553 
-0.179 -0.408 -0.544 
-0.173 -0.412 -0.537 
-0.167 -0.415 -0.532 
-0.161 -0.419 -0.529 
-0.155 -0.422 -0.525 
-0.149 -0.426 -0.518 
-0.143 -0.429 -0.511 
-0.136 -0.433 -0.502 
-0.130 -0.436 -0.494 
-0.124 -0.440 -0.486 
-0.117 -0.443 -0.479 
-0.111 -0.447 -0.473 
-0.104 -0.450 -0.467 
-0.097 -0.453 -0.462 
-0.091 -0.456 -0.457 
-0.085 -0.459 -0.454 
-0.078 -0.463 -0.451 
-0.072 -0.466 -0.447 
-0.065 -0.469 -0.443 
-0.058 -0.472 -0.438 
-0.052 -0.475 -0.433 
-0.045 -0.478 -0.428 
-0.039 -0.481 -0.422 
-0.032 -0.484 -0.416 
-0.025 -0.487 -0.409 
-0.018 -0.490 -0.402 
-0.012 -0.493 -0.395 
-0.005 -0.495 -0.387 
0.002 -0.498 -0.381 
0.008 -0.501 -0.375 
0.015 -0.503 -0.368 
0.022 -0.506 -0.360 
0.028 -0.508 -0.350 
0.035 -0.511 -0.341 
0.042 -0.513 -0.333 
0.048 -0.515 -0.326 
0.055 -0.518 -0.320 
0.062 -0.520 -0.314 
0.069 -0.522 -0.308 
0.076 -0.524 -0.302 
0.083 -0.527 -0.297 
0.090 -0.529 -0.292 
0.097 -0.531 -0.288 
0.104 -0.533 -0.285 
0.110 -0.535 -0.279 
0.117 -0.537 -0.273 
0.124 -0.539 -0.267 
0.131 -0.541 -0.261 
0.138 -0.542 -0.255 
0.146 -0.544 -0.250 
0.153 -0.546 -0.245 
0.160 -0.548 -0.240 
0.167 -0.549 -0.234 
0.173 -0.551 -0.229 
0.180 -0.553 -0.225 
0.187 -0.554 -0.224 
0.193 -0.556 -0.224 
0.200 -0.557 -0.224 
0.207 -0.559 -0.221 
0.214 -0.560 -0.216 
0.221 -0.562 -0.211 
0.229 -0.563 -0.206 
0.236 -0.565 -0.201 
0.243 -0.566 -0.197 
0.250 -0.568 -0.192 
0.257 -0.569 -0.187 
0.264 -0.570 -0.183 
0.272 -0.572 -0.178 
0.279 -0.573 -0.175 
0.286 -0.574 -0.173 
0.293 -0.575 -0.171 
0.300 -0.577 -0.168 
0.307 -0.578 -0.163 
0.314 -0.579 -0.158 
0.322 -0.580 -0.154 
0.329 -0.581 -0.150 
0.336 -0.582 -0.145 
0.343 -0.583 -0.141 
0.351 -0.584 -0.136 
0.358 -0.585 -0.132 
0.365 -0.586 -0.128 
0.372 -0.587 -0.124 
0.380 -0.588 -0.122 
0.387 -0.589 -0.120 
0.394 -0.590 -0.118 
0.401 -0.591 -0.115 
0.408 -0.592 -0.112 
0.415 -0.592 -0.109 
0.423 -0.593 -0.106 
0.430 -0.594 -0.103 
0.437 -0.595 -0.100 
0.445 -0.595 -0.097 
0.452 -0.596 -0.094 
0.459 -0.597 -0.091 
0.467 -0.597 -0.088 
0.474 -0.598 -0.086 
0.481 -0.599 -0.083 
0.488 -0.599 -0.080 
0.494 -0.600 -0.077 
0.501 -0.600 -0.074 
0.508 -0.601 -0.071 
0.516 -0.601 -0.068 
0.523 -0.602 -0.065 
0.530 -0.602 -0.063 
0.537 -0.603 -0.060 
0.544 -0.603 -0.055 
0.551 -0.603 -0.050 
0.558 -0.604 -0.046 
0.565 -0.604 -0.044 
0.573 -0.604 -0.044 
0.580 -0.605 -0.044 
0.587 -0.605 -0.044 
0.594 -0.605 -0.044 
0.601 -0.606 -0.042 
0.609 -0.606 -0.041 
0.616 -0.606 -0.037 
0.623 -0.606 -0.034 
0.631 -0.607 -0.031 
0.638 -0.607 -0.028 
0.645 -0.607 -0.026 
0.652 -0.607 -0.023 
0.659 -0.607 -0.021 
0.666 -0.608 -0.022 
0.674 -0.608 -0.024 
0.681 -0.608 -0.024 
0.688 -0.608 -0.024 
0.695 -0.608 -0.023 
0.702 -0.608 -0.021 
0.710 -0.609 -0.018 
0.717 -0.609 -0.016 
0.724 -0.609 -0.013 
0.732 -0.609 -0.011 
0.739 -0.609 -0.012 
0.746 -0.609 -0.013 
0.754 -0.609 -0.014 
0.761 -0.609 -0.014 
0.768 -0.609 -0.016 
0.776 -0.609 -0.017 
0.783 -0.610 -0.018 
0.790 -0.610 -0.017 
0.797 -0.610 -0.017 
0.803 -0.610 -0.014 
0.811 -0.610 -0.014 
0.818 -0.610 -0.016 
0.825 -0.610 -0.018 
0.833 -0.610 -0.020 
0.840 -0.611 -0.022 
0.847 -0.611 -0.026 
0.855 -0.611 -0.029 
0.862 -0.611 -0.032 
0.869 -0.611 -0.034 
0.876 -0.612 -0.038 
0.883 -0.612 -0.043 
0.891 -0.612 -0.047 
0.898 -0.613 -0.051 
0.905 -0.613 -0.054 
0.912 -0.613 -0.058 
0.920 -0.614 -0.061 
0.927 -0.614 -0.065 
0.934 -0.615 -0.068 
0.941 -0.615 -0.074 
0.948 -0.616 -0.080 
0.955 -0.616 -0.085 
0.962 -0.617 -0.088 
0.968 -0.618 -0.090 
0.975 -0.618 -0.096 
0.981 -0.619 -0.104 
0.988 -0.620 -0.113 
0.995 -0.620 -0.123 
1.002 -0.621 -0.134 
1.010 -0.622 -0.144 
1.017 -0.623 -0.154 
1.024 -0.625 -0.163 
1.030 -0.626 -0.172 
1.037 -0.627 -0.182 
1.044 -0.628 -0.190 
1.051 -0.630 -0.195 
1.058 -0.631 -0.202 
1.065 -0.632 -0.211 
1.072 -0.634 -0.220 
1.079 -0.636 -0.228 
1.086 -0.637 -0.236 
1.093 -0.639 -0.244 
1.100 -0.641 -0.252 
1.107 -0.643 -0.258 
1.114 -0.644 -0.266 
1.120 -0.646 -0.274 
1.127 -0.648 -0.284 
1.134 -0.650 -0.294 
1.140 -0.652 -0.305 
1.147 -0.654 -0.317 
1.153 -0.656 -0.328 
1.160 -0.659 -0.341 
1.166 -0.661 -0.349 
1.173 -0.663 -0.358 
1.179 -0.666 -0.370 
1.186 -0.669 -0.381 
1.193 -0.671 -0.392 
1.200 -0.674 -0.402 
1.206 -0.677 -0.410 
1.212 -0.680 -0.419 
1.219 -0.683 -0.429 
1.225 -0.685 -0.438 
1.231 -0.688 -0.446 
1.238 -0.692 -0.456 
1.244 -0.695 -0.470 
1.251 -0.698 -0.484 
1.257 -0.701 -0.499 
1.263 -0.705 -0.510 
1.269 -0.708 -0.522 
1.275 -0.711 -0.536 
1.281 -0.715 -0.548 
1.287 -0.719 -0.557 
1.293 -0.723 -0.565 
1.299 -0.727 -0.575 
1.305 -0.731 -0.585 
1.311 -0.735 -0.597 
1.317 -0.739 -0.608 
1.322 -0.742 -0.619 
1.327 -0.746 -0.630 
1.333 -0.751 -0.642 
1.339 -0.755 -0.655 
1.345 -0.759 -0.667 
1.350 -0.764 -0.682 
1.356 -0.768 -0.697 
1.361 -0.773 -0.712 
1.367 -0.778 -0.728 
1.372 -0.783 -0.742 
1.377 -0.787 -0.756 
1.382 -0.792 -0.766 
1.387 -0.797 -0.774 
1.393 -0.802 -0.784 
1.398 -0.808 -0.796 
1.403 -0.813 -0.807 
1.408 -0.818 -0.820 
1.413 -0.823 -0.833 
1.417 -0.829 -0.845 
1.422 -0.834 -0.858 
1.427 -0.840 -0.871 
1.431 -0.845 -0.885 
1.436 -0.850 -0.897 
1.440 -0.856 -0.909 
1.444 -0.861 -0.921 
1.448 -0.867 -0.933 
1.453 -0.873 -0.943 
1.457 -0.878 -0.948 
1.461 -0.884 -0.954 
1.465 -0.890 -0.962 
1.469 -0.896 -0.972 
1.473 -0.902 -0.984 
1.477 -0.907 -0.997 
1.480 -0.913 -1.008 
1.484 -0.919 -1.017 
1.488 -0.925 -1.028 
1.491 -0.931 -1.040 
1.494 -0.936 -1.048 
1.498 -0.943 -1.054 
1.501 -0.949 -1.061 
1.505 -0.955 -1.070 
1.508 -0.961 -1.080 
1.511 -0.967 -1.090 
1.515 -0.973 -1.100 
1.518 -0.980 -1.110 
1.521 -0.986 -1.121 
1.524 -0.993 -1.131 
1.527 -1.000 -1.140 
1.530 -1.006 -1.147 
1.533 -1.012 -1.156 
1.536 -1.019 -1.163 
1.538 -1.025 -1.171 
1.541 -1.031 -1.180 
1.543 -1.037 -1.186 
1.545 -1.042 -1.194 
1.548 -1.048 -1.202 
1.550 -1.053 -1.208 
1.552 -1.058 -1.215 
1.554 -1.064 -1.221 
1.556 -1.070 -1.226 
1.558 -1.076 -1.230 
1.560 -1.083 -1.237 
1.563 -1.090 -1.244 
1.565 -1.096 -1.250 
1.567 -1.103 -1.256 
1.569 -1.110 -1.260 
1.571 -1.116 -1.263 
1.573 -1.122 -1.269 
1.575 -1.128 -1.278 
1.577 -1.135 -1.285 
1.579 -1.142 -1.293 
1.581 -1.149 -1.299 
1.583 -1.155 -1.305 
1.585 -1.162 -1.313 
1.586 -1.169 -1.318 
1.588 -1.176 -1.323 
1.590 -1.183 -1.327 
1.592 -1.190 -1.333 
1.593 -1.196 -1.339 
1.595 -1.203 -1.345 
1.596 -1.209 -1.348 
1.598 -1.216 -1.351 
1.599 -1.222 -1.355 
1.600 -1.228 -1.361 
1.602 -1.234 -1.367 
1.603 -1.240 -1.373 
1.604 -1.246 -1.378 
1.605 -1.252 -1.382 
1.606 -1.257 -1.389 
1.607 -1.262 -1.395 
1.608 -1.267 -1.401 
1.609 -1.272 -1.406 
1.610 -1.277 -1.411 
1.610 -1.282 -1.414 
1.611 -1.287 -1.416 
1.612 -1.292 -1.419 
1.613 -1.296 -1.422 
1.613 -1.300 -1.426 
1.614 -1.304 -1.431 
1.614 -1.309 -1.435 
1.615 -1.313 -1.440 
1.616 -1.317 -1.444 
1.616 -1.322 -1.449 
1.617 -1.326 -1.454 
1.617 -1.330 -1.454 
1.618 -1.334 -1.455 
1.618 -1.338 -1.459 
1.618 -1.342 -1.462 
1.619 -1.346 -1.465 
1.619 -1.350 -1.468 
1.620 -1.354 -1.472 
1.620 -1.358 -1.476 
1.621 -1.363 -1.480 
1.621 -1.367 -1.483 
1.621 -1.370 -1.485 
1.622 -1.374 -1.486 
1.622 -1.377 -1.486 
1.622 -1.381 -1.485 
1.622 -1.384 -1.485 
1.623 -1.387 -1.487 
1.623 -1.391 -1.490 
1.623 -1.395 -1.496 
1.624 -1.398 -1.494 
1.624 -1.402 -1.488 
1.624 -1.404 -1.476 
1.624 -1.406 -1.459 
1.624 -1.408 -1.438 
1.625 -1.409 -1.413 
1.625 -1.411 -1.383 
1.625 -1.411 -1.351 
1.625 -1.412 -1.317 
1.625 -1.412 -1.282 
1.625 -1.413 -1.248 
1.626 -1.413 -1.217 
1.626 -1.413 -1.185 
1.626 -1.413 -1.153 
1.626 -1.413 -1.119 
1.626 -1.413 -1.080 
1.626 -1.413 -1.039 
1.626 -1.413 -0.999 
1.626 -1.413 -0.957 
1.626 -1.413 -0.916 
1.626 -1.413 -0.875 
1.626 -1.413 -0.834 
1.626 -1.413 -0.793 
1.626 -1.413 -0.752 
1.626 -1.413 -0.710 
1.626 -1.413 -0.670 
1.626 -1.413 -0.629 
1.626 -1.413 -0.587 
1.626 -1.413 -0.547 
1.626 -1.413 -0.506 
1.626 -1.413 -0.472 
1.627 -1.414 -0.454 
1.627 -1.414 -0.450 
1.627 -1.414 -0.450 
1.627 -1.414 -0.450 
1.627 -1.414 -0.450 
1.627 -1.414 -0.443 
1.627 -1.414 -0.429 
1.627 -1.414 -0.414 
1.627 -1.414 -0.399 
1.627 -1.414 -0.384 
1.627 -1.414 -0.369 
1.627 -1.414 -0.354 
1.627 -1.414 -0.339 
1.627 -1.414 -0.324 
1.627 -1.414 -0.309 
1.627 -1.414 -0.294 
1.627 -1.414 -0.279 
1.627 -1.414 -0.264 
1.627 -1.414 -0.249 
1.627 -1.414 -0.234 
1.627 -1.414 -0.219 
1.627 -1.414 -0.204 
1.627 -1.414 -0.189 
1.627 -1.414 -0.174 
1.627 -1.414 -0.160 
1.627 -1.414 -0.145 
1.627 -1.414 -0.131 
1.627 -1.414 -0.117 
1.627 -1.414 -0.103 
1.627 -1.414 -0.088 
1.627 -1.414 -0.074 
1.627 -1.414 -0.059 
1.627 -1.414 -0.044 
1.627 -1.414 -0.030 
1.627 -1.414 -0.017 
1.627 -1.414 -0.004 
1.627 -1.414 0.009 
1.627 -1.414 0.023 
1.627 -1.414 0.037 
1.628 -1.414 0.051 
1.628 -1.414 0.065 
1.628 -1.414 0.080 
1.628 -1.414 0.095 
1.628 -1.414 0.110 
1.628 -1.414 0.125 
1.628 -1.414 0.140 
1.628 -1.414 0.155 
1.628 -1.414 0.170 
1.628 -1.414 0.185 
1.628 -1.414 0.200 
1.628 -1.414 0.215 
1.628 -1.414 0.230 
1.628 -1.414 0.245 
1.628 -1.414 0.260 
1.628 -1.414 0.275 
1.628 -1.414 0.290 
1.628 -1.414 0.305 
1.628 -1.414 0.320 
1.628 -1.414 0.335 
1.628 -1.414 0.350 
1.628 -1.414 0.365 
1.628 -1.414 0.380 
1.628 -1.414 0.395 
1.628 -1.414 0.410 
1.628 -1.414 0.425 
1.628 -1.414 0.440 
1.628 -1.414 0.455 
1.628 -1.414 0.470 
1.628 -1.414 0.485 
1.628 -1.414 0.500 
1.628 -1.414 0.515 
1.628 -1.414 0.530 
1.628 -1.414 0.545 
1.628 -1.414 0.559 
1.628 -1.414 0.575 
1.628 -1.414 0.590 
1.628 -1.414 0.604 
1.628 -1.414 0.620 
1.628 -1.414 0.635 
1.628 -1.414 0.649 
1.628 -1.414 0.665 
1.628 -1.414 0.679 
1.628 -1.414 0.694 
1.628 -1.414 0.710 
1.628 -1.414 0.724 
1.628 -1.414 0.739 
1.628 -1.414 0.755 
1.628 -1.414 0.769 
1.628 -1.414 0.784 
1.627 -1.414 0.799 
1.627 -1.414 0.814 
1.627 -1.414 0.829 
1.627 -1.414 0.844 
1.627 -1.414 0.859 
1.627 -1.414 0.874 
1.627 -1.414 0.889 
1.627 -1.414 0.904 
1.627 -1.414 0.919 
1.627 -1.414 0.934 
1.627 -1.414 0.949 
1.627 -1.414 0.964 
1.627 -1.414 0.978 
1.627 -1.414 0.991 
1.627 -1.414 1.004 
1.627 -1.414 1.016 
1.626 -1.415 1.058 
1.626 -1.416 1.068 
1.626 -1.416 1.078 
1.626 -1.415 1.106 
1.627 -1.415 1.116 
1.627 -1.413 1.171 
1.627 -1.413 1.182 
1.628 -1.413 1.206 
1.628 -1.412 1.220 
1.628 -1.412 1.234 
1.628 -1.412 1.249 
1.628 -1.412 1.264 
1.628 -1.412 1.279 
1.628 -1.412 1.294 
1.628 -1.412 1.309 
1.628 -1.412 1.324 
1.628 -1.412 1.339 
1.628 -1.412 1.354 
1.628 -1.412 1.369 
1.628 -1.412 1.384 
1.628 -1.412 1.399 
1.628 -1.412 1.414 
1.628 -1.412 1.429 
1.628 -1.412 1.444 
1.628 -1.412 1.459 
1.628 -1.412 1.504 
1.628 -1.412 1.519 
1.628 -1.412 1.534 
1.628 -1.412 1.549 
1.628 -1.412 1.564 
1.628 -1.412 1.579 
1.628 -1.412 1.593 
1.628 -1.412 1.609 
1.628 -1.412 1.624 
1.628 -1.412 1.638 
1.628 -1.412 1.654 
1.628 -1.412 1.669 
1.628 -1.412 1.683 
1.628 -1.412 1.699 
1.628 -1.412 1.713 
1.628 -1.412 1.728 
1.628 -1.412 1.744 
1.628 -1.412 1.758 
1.628 -1.412 1.773 
1.628 -1.412 1.789 
1.628 -1.412 1.803 
1.628 -1.412 1.818 
1.628 -1.412 1.833 
1.628 -1.412 1.848 
1.628 -1.412 1.863 
1.628 -1.412 1.878 
1.628 -1.412 1.893 
1.628 -1.412 1.908 
1.628 -1.412 1.923 
1.628 -1.412 1.938 
1.628 -1.412 1.953 
1.628 -1.412 1.968 
1.628 -1.412 1.983 
1.628 -1.412 1.998 
1.628 -1.412 2.013 
1.628 -1.412 2.027 
1.628 -1.413 2.040 
1.628 -1.413 2.053 
1.628 -1.413 2.064 
1.628 -1.413 2.074 
1.628 -1.414 2.083 
1.629 -1.414 2.093 
1.629 -1.415 2.102 
1.629 -1.415 2.112 
1.629 -1.416 2.122 
1.630 -1.416 2.131 
1.630 -1.416 2.140 
1.630 -1.417 2.149 
1.630 -1.417 2.157 
1.630 -1.417 2.165 
1.630 -1.417 2.174 
1.630 -1.417 2.185 
1.630 -1.416 2.197 
1.630 -1.416 2.209 
1.629 -1.416 2.292 
1.629 -1.416 2.307 
1.629 -1.416 2.322 
1.629 -1.416 2.337 
1.629 -1.416 2.352 
1.629 -1.416 2.367 
1.629 -1.416 2.382 
1.629 -1.416 2.397 
1.629 -1.416 2.412 
1.629 -1.416 2.427 
1.629 -1.416 2.442 
1.629 -1.416 2.457 
1.629 -1.416 2.472 
1.629 -1.416 2.487 
1.629 -1.416 2.502 
1.629 -1.416 2.517 
1.629 -1.416 2.532 
1.629 -1.416 2.547 
1.629 -1.416 2.562 
1.629 -1.416 2.577 
1.629 -1.416 2.592 
1.629 -1.416 2.607 
1.629 -1.416 2.622 
1.629 -1.416 2.637 
1.629 -1.416 2.652 
1.629 -1.416 2.667 
1.629 -1.416 2.682 
1.629 -1.416 2.697 
1.629 -1.416 2.712 
1.629 -1.416 2.727 
1.629 -1.416 2.742 
1.629 -1.416 2.757 
1.629 -1.416 2.772 
1.629 -1.416 2.787 
1.629 -1.416 2.801 
1.629 -1.416 2.817 
1.629 -1.416 2.832 
1.629 -1.416 2.846 
1.629 -1.416 2.862 
1.629 -1.416 2.877 
1.629 -1.416 2.891 
1.629 -1.416 2.907 
1.629 -1.416 2.922 
1.629 -1.416 2.936 
1.629 -1.416 2.952 
1.629 -1.416 2.966 
1.629 -1.416 2.981 
1.629 -1.416 2.997 
1.629 -1.416 3.011 
1.629 -1.416 3.026 
1.629 -1.416 3.042 
1.629 -1.416 3.056 
1.629 -1.416 3.071 
1.629 -1.416 3.086 
1.629 -1.416 3.101 
1.629 -1.416 3.115 
1.629 -1.416 3.129 
1.630 -1.416 -3.141 
1.630 -1.416 -3.128 
1.630 -1.416 -3.114 
1.630 -1.416 -3.101 
1.630 -1.416 -3.089 
1.630 -1.416 -3.075 
1.631 -1.416 -3.062 
1.631 -1.416 -3.049 
1.631 -1.416 -3.035 
1.631 -1.416 -3.021 
1.631 -1.416 -3.007 
1.630 -1.416 -2.993 
1.630 -1.416 -2.979 
1.630 -1.416 -2.965 
1.630 -1.416 -2.950 
1.630 -1.416 -2.935 
1.630 -1.416 -2.920 
1.630 -1.416 -2.905 
1.630 -1.416 -2.890 
1.630 -1.416 -2.875 
1.630 -1.416 -2.860 
1.630 -1.416 -2.845 
1.630 -1.416 -2.830 
1.630 -1.416 -2.815 
1.630 -1.416 -2.800 
1.630 -1.416 -2.785 
1.630 -1.416 -2.770 
1.630 -1.416 -2.755 
1.630 -1.416 -2.740 
1.630 -1.416 -2.725 
1.630 -1.416 -2.710 
1.630 -1.416 -2.696 
1.630 -1.416 -2.680 
1.630 -1.416 -2.665 
1.630 -1.416 -2.651 
1.630 -1.416 -2.635 
1.630 -1.416 -2.621 
1.630 -1.416 -2.606 
1.630 -1.416 -2.590 
1.630 -1.416 -2.576 
1.630 -1.416 -2.561 
1.630 -1.416 -2.545 
1.630 -1.416 -2.531 
1.630 -1.416 -2.516 
1.630 -1.416 -2.501 
1.630 -1.416 -2.486 
1.630 -1.416 -2.471 
1.630 -1.416 -2.456 
1.630 -1.416 -2.441 
1.630 -1.416 -2.426 
1.630 -1.416 -2.411 
1.630 -1.416 -2.396 
1.630 -1.416 -2.381 
1.630 -1.416 -2.366 
1.630 -1.416 -2.351 
1.630 -1.416 -2.336 
1.630 -1.416 -2.321 
1.630 -1.416 -2.306 
1.630 -1.416 -2.291 
1.630 -1.416 -2.276 
1.630 -1.416 -2.261 
1.630 -1.416 -2.246 
1.630 -1.416 -2.231 
1.630 -1.416 -2.216 
1.630 -1.416 -2.201 
1.630 -1.416 -2.186 
1.630 -1.416 -2.171 
1.630 -1.416 -2.156 
1.630 -1.416 -2.141 
1.630 -1.416 -2.126 
1.630 -1.416 -2.111 
1.630 -1.416 -2.096 
1.630 -1.416 -2.081 
1.630 -1.416 -2.066 
1.630 -1.416 -2.051 
1.630 -1.416 -2.036 
1.630 -1.416 -2.022 
1.630 -1.416 -2.007 
1.630 -1.416 -1.994 
1.631 -1.416 -1.981 
1.631 -1.415 -1.969 
1.631 -1.415 -1.957 
1.631 -1.415 -1.945 
1.631 -1.415 -1.933 
1.631 -1.415 -1.921 
1.631 -1.415 -1.909 
1.631 -1.415 -1.897 
1.631 -1.415 -1.886 
1.631 -1.415 -1.875 
1.631 -1.416 -1.864 
1.630 -1.416 -1.853 
1.630 -1.416 -1.842 
1.630 -1.417 -1.831 
1.630 -1.417 -1.819 
1.630 -1.417 -1.806 
1.630 -1.417 -1.792 
1.630 -1.417 -1.779 
1.630 -1.418 -1.765 
1.630 -1.418 -1.750 
1.630 -1.418 -1.735 
1.630 -1.418 -1.720 
1.630 -1.418 -1.705 
1.630 -1.418 -1.690 
1.630 -1.418 -1.675 
1.630 -1.418 -1.660 
1.630 -1.418 -1.645 
1.630 -1.418 -1.630 
1.630 -1.418 -1.615 
1.630 -1.418 -1.600 
1.630 -1.418 -1.585 
1.630 -1.418 -1.570 
1.630 -1.418 -1.555 
1.630 -1.418 -1.541 
1.630 -1.418 -1.525 
1.630 -1.418 -1.510 
1.630 -1.418 -1.496 
1.630 -1.418 -1.480 
1.630 -1.418 -1.465 
1.630 -1.418 -1.451 
1.630 -1.418 -1.435 
1.630 -1.418 -1.421 
1.630 -1.418 -1.406 
1.630 -1.418 -1.390 
1.630 -1.418 -1.376 
1.630 -1.418 -1.361 
1.630 -1.418 -1.345 
1.630 -1.418 -1.331 
1.630 -1.418 -1.316 
1.630 -1.418 -1.301 
1.630 -1.418 -1.286 
1.630 -1.418 -1.271 
1.630 -1.418 -1.256 
1.630 -1.418 -1.241 
1.630 -1.418 -1.226 
1.630 -1.418 -1.211 
1.630 -1.418 -1.196 
1.630 -1.418 -1.181 
1.630 -1.418 -1.166 
1.630 -1.418 -1.151 
1.630 -1.418 -1.136 
1.630 -1.418 -1.121 
1.630 -1.418 -1.106 
1.630 -1.418 -1.091 
1.630 -1.418 -1.076 
1.630 -1.418 -1.061 
1.630 -1.418 -1.046 
1.630 -1.418 -1.031 
1.630 -1.418 -1.016 
1.630 -1.418 -1.001 
1.630 -1.418 -0.986 
1.630 -1.418 -0.971 
1.630 -1.418 -0.956 
1.630 -1.417 -0.942 
1.630 -1.417 -0.928 
1.630 -1.417 -0.915 
1.630 -1.417 -0.902 
1.630 -1.417 -0.891 
1.629 -1.416 -0.882 
1.629 -1.416 -0.873 
1.629 -1.416 -0.865 
1.628 -1.415 -0.857 
1.628 -1.415 -0.849 
1.627 -1.414 -0.841 
1.627 -1.414 -0.834 
1.627 -1.414 -0.826 
1.627 -1.413 -0.820 
1.627 -1.413 -0.814 
1.627 -1.413 -0.807 
1.627 -1.413 -0.799 
1.627 -1.414 -0.790 
1.627 -1.414 -0.779 
1.628 -1.414 -0.768 
1.628 -1.414 -0.758 
1.628 -1.415 -0.746 
1.628 -1.415 -0.734 
1.628 -1.415 -0.721 
1.628 -1.415 -0.706 
1.628 -1.415 -0.692 
1.628 -1.415 -0.677 
1.628 -1.415 -0.661 
