tag3: [ 2.73711848 -0.55679158  0.09067812]
tag0: [0. 0. 0.]
tag2: [-0.19302321  0.41280771  0.08901986]
tag3: [ 2.79306803 -2.16634546  0.09667073]
tag0: [1.39699772 0.42192183 0.04832862]
tag2: [-0.19302321  0.41280771  0.08901986]
tag3: [ 2.79306803 -2.16634546  0.09667073]
tag0: [1.86266362 0.56256244 0.06443816]
tag2: [-0.19302321  0.41280771  0.08901986]
tag3: [ 2.79306803 -2.16634546  0.09667073]
tag0: [2.09549658 0.63288274 0.07249293]
tag2: [-0.19302321  0.41280771  0.08901986]
tag3: [ 2.79306803 -2.16634546  0.09667073]
tag0: [2.23519635 0.67507492 0.07732579]
tag2: [-0.19302321  0.41280771  0.08901986]
tag3: [ 2.79306803 -2.16634546  0.09667073]
tag0: [2.32832953 0.70320305 0.0805477 ]
tag2: [-0.19302321  0.41280771  0.08901986]
tag3: [ 2.79306803 -2.16634546  0.09667073]
tag0: [2.39485323 0.72329456 0.08284906]
tag2: [-0.19302321  0.41280771  0.08901986]
tag3: [ 2.79306803 -2.16634546  0.09667073]
tag0: [2.44474601 0.7383632  0.08457508]
tag2: [-0.19302321  0.41280771  0.08901986]
tag3: [ 2.79306803 -2.16634546  0.09667073]
tag0: [2.48372511 0.74990964 0.08591754]
tag2: [-0.19290999  0.41269448  0.08901986]
tag3: [ 2.79306803 -2.16634546  0.09667073]
tag0: [2.79434266 0.84349644 0.09665724]
tag2: [-0.19273637  0.41252087  0.08901986]
tag3: [ 2.79324164 -2.16651907  0.09667073]
tag0: [2.79451627 0.84332283 0.09665724]
tag2: [-0.19256276  0.41234726  0.08901986]
tag3: [ 2.79341525 -2.16669268  0.09667073]
tag0: [2.79468988 0.84314922 0.09665724]
tag2: [-0.19238915  0.41217365  0.08901986]
tag3: [ 2.79358886 -2.16686629  0.09667073]
tag0: [2.7947466  0.84339454 0.09665724]
tag2: [-0.19221554  0.41200004  0.08901986]
tag3: [ 2.79376248 -2.1670399   0.09667073]
tag0: [2.79470878 0.84397819 0.09665724]
tag2: [-0.19220065  0.41214572  0.08901986]
tag3: [ 2.79422473 -2.16637545  0.09667073]
tag0: [2.79464843 0.84464239 0.09665724]
tag2: [-0.19218577  0.4122914   0.08901986]
tag3: [ 2.79468698 -2.16571101  0.09667073]
tag0: [2.79458809 0.84530659 0.09665724]
tag2: [-0.19217088  0.41243707  0.08901986]
tag3: [ 2.79514923 -2.16504656  0.09667073]
tag0: [2.79452774 0.84597079 0.09665724]
tag2: [-0.19215599  0.41258275  0.08901986]
tag3: [ 2.79561149 -2.16438212  0.09667073]
tag0: [2.79429378 0.8468086  0.09665724]
tag2: [-0.19225433  0.41284165  0.08901986]
tag3: [ 2.79607374 -2.16371767  0.09667073]
tag0: [2.79405981 0.8476464  0.09665724]
tag2: [-0.19241305  0.41316094  0.08901986]
tag3: [ 2.79636238 -2.16287961  0.09667073]
tag0: [2.79388974 0.84830309 0.09665724]
tag2: [-0.19257177  0.41348023  0.08901986]
tag3: [ 2.79665102 -2.16204156  0.09667073]
tag0: [2.79388974 0.8484767  0.09665724]
tag2: [-0.19257177  0.41365384  0.08901986]
tag3: [ 2.79665102 -2.16186795  0.09667073]
tag0: [2.79400662 0.84823138 0.09665724]
tag2: [-0.19257177  0.41382745  0.08901986]
tag3: [ 2.79665102 -2.16169434  0.09667073]
tag0: [2.79421805 0.84764773 0.09665724]
tag2: [-0.19241305  0.41368177  0.08901986]
tag3: [ 2.79636238 -2.16235878  0.09667073]
tag0: [2.79445202 0.84698353 0.09665724]
tag2: [-0.19225432  0.4135361   0.08901986]
tag3: [ 2.79607374 -2.16302323  0.09667073]
tag0: [2.79468598 0.84631933 0.09665724]
tag2: [-0.1920956   0.41339042  0.08901986]
tag3: [ 2.7957851  -2.16368768  0.09667073]
tag0: [2.79491994 0.84565513 0.09665724]
tag2: [-0.19193688  0.41319303  0.08901986]
tag3: [ 2.79549645 -2.16435212  0.09667073]
tag0: [2.7951539  0.8448284  0.09665724]
tag2: [-0.19177816  0.41287374  0.08901986]
tag3: [ 2.79520781 -2.16519018  0.09667073]
tag0: [2.79538786 0.84399059 0.09665724]
tag2: [-0.19161943  0.41255445  0.08901986]
tag3: [ 2.79491917 -2.16602824  0.09667073]
tag0: [2.79557107 0.84333391 0.09665912]
tag2: [-0.19146071  0.41223516  0.08901986]
tag3: [ 2.79463053 -2.16686629  0.09667073]
tag0: [2.79604721 0.84316015 0.0966571 ]
tag2: [-0.191188    0.41206153  0.08902017]
tag3: [ 2.79469664 -2.16703989  0.09667697]
tag0: [2.79778529 0.84315817 0.09663444]
tag2: [-0.18990449  0.41202049  0.08901383]
tag3: [ 2.7954673  -2.16721388  0.09667118]
tag0: [2.80137161 0.84315175 0.0966094 ]
tag2: [-0.18684788  0.41201831  0.0890012 ]
tag3: [ 2.79772259 -2.16721718  0.09664483]
tag0: [2.8055525  0.84314579 0.09662812]
tag2: [-0.18126339  0.41201452  0.08901368]
tag3: [ 2.80269162 -2.16722782  0.09667999]
tag0: [2.81392673 0.84128179 0.09663815]
tag2: [-0.17404663  0.41185352  0.08902119]
tag3: [ 2.80890737 -2.16723836  0.09671082]
tag0: [2.82362436 0.83726284 0.09663834]
tag2: [-0.1620707   0.40849008  0.08901985]
tag3: [ 2.81605056 -2.17408361  0.0967101 ]
tag0: [2.84052259 0.82163668 0.09662545]
tag2: [-0.14751984  0.40340686  0.0890163 ]
tag3: [ 2.82315286 -2.18489227  0.09670807]
tag0: [2.86110609 0.80077095 0.09663999]
tag2: [-0.12951239  0.3960623   0.08901163]
tag3: [ 2.83032138 -2.2020573   0.09669792]
tag0: [2.88525976 0.7747743  0.09664909]
tag2: [-0.10824973  0.38675159  0.08901537]
tag3: [ 2.83803033 -2.2241258   0.0966791 ]
tag0: [2.91244773 0.74390207 0.09665105]
tag2: [-0.08399456  0.37543001  0.0890156 ]
tag3: [ 2.84612822 -2.25120059  0.09668449]
tag0: [2.93923708 0.71221134 0.09667276]
tag2: [-0.05787833  0.36283278  0.08902177]
tag3: [ 2.85552524 -2.28367183  0.0966895 ]
tag0: [2.96925734 0.67468476 0.09668743]
tag2: [-0.03052395  0.34715067  0.08903253]
tag3: [ 2.86358323 -2.31764113  0.09671821]
tag0: [2.99943138 0.63691222 0.0966381 ]
tag2: [-0.00249624  0.33063835  0.08901762]
tag3: [ 2.8728241  -2.35430811  0.09667276]
tag0: [3.03000266 0.59832866 0.09663884]
tag2: [0.02588732 0.31344031 0.08901312]
tag3: [ 2.88194718 -2.39182354  0.09664112]
tag0: [3.06020402 0.56076862 0.09664063]
tag2: [0.05333573 0.29767327 0.08901453]
tag3: [ 2.89161126 -2.42720927  0.09664428]
tag0: [3.08605791 0.53273927 0.09665463]
tag2: [0.08056715 0.28382855 0.08901803]
tag3: [ 2.90370308 -2.45876851  0.09664661]
tag0: [3.11078962 0.50937511 0.096637  ]
tag2: [0.10720242 0.2710314  0.08901877]
tag3: [ 2.91735951 -2.48604404  0.09664883]
tag0: [3.13475476 0.48905078 0.09660215]
tag2: [0.13294724 0.26009661 0.08901025]
tag3: [ 2.93274304 -2.508944    0.09664077]
tag0: [3.15948784 0.47217009 0.09660398]
tag2: [0.15731551 0.25051642 0.08901218]
tag3: [ 2.94874543 -2.52777432  0.09665353]
tag0: [3.18495233 0.45472517 0.09660442]
tag2: [0.18109359 0.24146825 0.08901201]
tag3: [ 2.96469446 -2.54236686  0.09666354]
tag0: [3.20533768 0.44312055 0.0966143 ]
tag2: [0.20186042 0.23546608 0.08901354]
tag3: [ 2.98087276 -2.5563909   0.09666182]
tag0: [3.22497467 0.43176143 0.0966444 ]
tag2: [0.21942605 0.23029573 0.08901563]
tag3: [ 2.99315444 -2.56770992  0.09667275]
tag0: [3.24002109 0.42307136 0.09663313]
tag2: [0.23500357 0.22596832 0.08901228]
tag3: [ 3.00430721 -2.57818059  0.09667419]
tag0: [3.25667204 0.40959831 0.09663151]
tag2: [0.24805575 0.22293193 0.08901212]
tag3: [ 3.01418511 -2.58459836  0.09667249]
tag0: [3.27273409 0.39918264 0.09662487]
tag2: [0.26121587 0.22006516 0.08901162]
tag3: [ 3.02003245 -2.59470266  0.09667157]
tag0: [3.28706804 0.38867413 0.09662537]
tag2: [0.27503659 0.21714824 0.08901302]
tag3: [ 3.02709178 -2.60423194  0.0966675 ]
tag0: [3.30143375 0.37785067 0.0966396 ]
tag2: [0.28942783 0.21269739 0.08902147]
tag3: [ 3.03298534 -2.61633538  0.09671881]
tag0: [3.31445662 0.36485577 0.09664889]
tag2: [0.30445316 0.20831715 0.08901903]
tag3: [ 3.0393447  -2.6295505   0.09669809]
tag0: [3.32834917 0.35248078 0.09664927]
tag2: [0.31969738 0.20413373 0.08901889]
tag3: [ 3.04607518 -2.64209891  0.09668793]
tag0: [3.34492111 0.33926134 0.09664693]
tag2: [0.33659601 0.19952553 0.08901951]
tag3: [ 3.05433754 -2.65655907  0.09668979]
tag0: [3.36448041 0.32200869 0.09664099]
tag2: [0.35671629 0.19395154 0.08902272]
tag3: [ 3.063492   -2.67258206  0.09665769]
tag0: [3.38796162 0.30370465 0.0966538 ]
tag2: [0.37854772 0.18734804 0.08902571]
tag3: [ 3.0757897  -2.68661343  0.09669238]
tag0: [3.40962992 0.29117796 0.09666217]
tag2: [0.40215005 0.18134217 0.08902673]
tag3: [ 3.09028122 -2.70219297  0.09669583]
tag0: [3.43080832 0.28237671 0.09666824]
tag2: [0.42520424 0.17624064 0.08902807]
tag3: [ 3.11092501 -2.70967514  0.09669628]
tag0: [3.45258166 0.27466056 0.09667011]
tag2: [0.44557459 0.17199912 0.08903048]
tag3: [ 3.13019646 -2.71671584  0.09669968]
tag0: [3.47355479 0.26888925 0.09667085]
tag2: [0.4654027 0.1692271 0.0890233]
tag3: [ 3.15069937 -2.72108473  0.09669293]
tag0: [3.49577497 0.26539021 0.09665513]
tag2: [0.48523329 0.16637799 0.08902531]
tag3: [ 3.1701146  -2.72402948  0.09671266]
tag0: [3.51628282 0.26198399 0.09666264]
tag2: [0.50549584 0.16374366 0.08902455]
tag3: [ 3.19038368 -2.72689551  0.09671442]
tag0: [3.53782893 0.26118978 0.09666433]
tag2: [0.52499828 0.16165901 0.0890244 ]
tag3: [ 3.21176459 -2.72615378  0.09671043]
tag0: [3.55699594 0.26484718 0.096669  ]
tag2: [0.5449349  0.16143149 0.08902052]
tag3: [ 3.2359904  -2.7219298   0.09673329]
tag0: [3.57618001 0.27222565 0.09666849]
tag2: [0.56473255 0.16228963 0.08901587]
tag3: [ 3.25986756 -2.71795022  0.09666681]
tag0: [3.59689216 0.28060569 0.09666313]
tag2: [0.58391149 0.16287801 0.08901554]
tag3: [ 3.28354885 -2.71244484  0.09668293]
tag0: [3.61666419 0.28522323 0.09666387]
tag2: [0.60401403 0.16299845 0.0890149 ]
tag3: [ 3.30743041 -2.70877135  0.09668409]
tag0: [3.63694236 0.29072898 0.09666414]
tag2: [0.62534095 0.16383853 0.08901547]
tag3: [ 3.33274108 -2.70290008  0.09668944]
tag0: [3.65754534 0.29759441 0.09668186]
tag2: [0.6463163  0.16521554 0.0890287 ]
tag3: [ 3.35854709 -2.69572924  0.09666409]
tag0: [3.67599527 0.30647709 0.09670334]
tag2: [0.66675119 0.16629872 0.08902978]
tag3: [ 3.38577512 -2.69093737  0.09666319]
tag0: [3.69834223 0.31409759 0.09669741]
tag2: [0.68687101 0.16697345 0.08903075]
tag3: [ 3.41039228 -2.68627514  0.09667928]
tag0: [3.7175673  0.32056695 0.09669943]
tag2: [0.70891399 0.16886858 0.08903054]
tag3: [ 3.43682363 -2.67929421  0.09668051]
tag0: [3.73815788 0.32881848 0.09669976]
tag2: [0.72958593 0.17072057 0.08903062]
tag3: [ 3.46296911 -2.67212419  0.09668372]
tag0: [3.75804917 0.33744568 0.09667341]
tag2: [0.74932444 0.17275578 0.08903066]
tag3: [ 3.48979049 -2.66459929  0.09668879]
tag0: [3.77803054 0.34499981 0.09667591]
tag2: [0.7696175  0.17485961 0.08903358]
tag3: [ 3.51600433 -2.65673845  0.09669252]
tag0: [3.79791961 0.35265011 0.09667558]
tag2: [0.78967929 0.17703718 0.08903259]
tag3: [ 3.54133383 -2.64948968  0.09669377]
tag0: [3.81860047 0.3615451  0.09667545]
tag2: [0.8086559  0.17897029 0.08903226]
tag3: [ 3.5684995  -2.64107647  0.09669394]
tag0: [3.83978375 0.3719428  0.0966586 ]
tag2: [0.82843414 0.1811945  0.0890216 ]
tag3: [ 3.59411917 -2.63289811  0.09669586]
tag0: [3.85959344 0.38205833 0.09662978]
tag2: [0.84946427 0.18445596 0.08902244]
tag3: [ 3.62177715 -2.62014097  0.09665784]
tag0: [3.8778479  0.39386501 0.09663387]
tag2: [0.8686125  0.18823945 0.08902542]
tag3: [ 3.65330937 -2.60462961  0.09664667]
tag0: [3.89720387 0.40903506 0.09663285]
tag2: [0.88702043 0.1926083  0.08902572]
tag3: [ 3.68138161 -2.59076847  0.09664813]
tag0: [3.91512165 0.42317758 0.0966332 ]
tag2: [0.90493909 0.19800631 0.08902391]
tag3: [ 3.70944831 -2.57618728  0.09664835]
tag0: [3.93040472 0.4418398  0.09664299]
tag2: [0.92324832 0.20584246 0.08901255]
tag3: [ 3.7395174  -2.55586289  0.09665348]
tag0: [3.94602706 0.46592238 0.09665758]
tag2: [0.9401387  0.21388273 0.08901026]
tag3: [ 3.77031135 -2.53352452  0.09665829]
tag0: [3.96118665 0.4907422  0.09666857]
tag2: [0.95650538 0.22329732 0.08901236]
tag3: [ 3.80216922 -2.50817692  0.09666228]
tag0: [3.97431926 0.5210458  0.09667593]
tag2: [0.9729218  0.23582973 0.08901347]
tag3: [ 3.83576199 -2.47621354  0.09666247]
tag0: [3.98514127 0.55560392 0.09668209]
tag2: [0.98797672 0.24962672 0.08901511]
tag3: [ 3.87221244 -2.43936755  0.0966612 ]
tag0: [3.99648779 0.59406474 0.09669259]
tag2: [1.00099651 0.26546503 0.08901512]
tag3: [ 3.9086096  -2.39965664  0.09665016]
tag0: [4.00538618 0.63785795 0.09669744]
tag2: [1.01530822 0.28196034 0.08899597]
tag3: [ 3.94409994 -2.35928253  0.09663132]
tag0: [4.01464011 0.67707475 0.09667117]
tag2: [1.02882771 0.29707712 0.08899174]
tag3: [ 3.97993324 -2.32068175  0.09661958]
tag0: [4.01936202 0.72079291 0.09669781]
tag2: [1.0406532  0.31275152 0.0889866 ]
tag3: [ 4.0142589  -2.28224684  0.09661319]
tag0: [4.02857301 0.75904485 0.09668029]
tag2: [1.05223861 0.32697457 0.08899115]
tag3: [ 4.04559074 -2.24887953  0.09662347]
tag0: [4.03443237 0.79358834 0.09663709]
tag2: [1.0585807  0.34030313 0.08915168]
tag3: [ 4.07572841 -2.21576903  0.096587  ]
tag0: [4.04139029 0.81971615 0.0965934 ]
tag2: [1.05893252 0.34890379 0.08915227]
tag3: [ 4.10022016 -2.1897142   0.09656505]
tag0: [4.04309757 0.83297565 0.0965537 ]
tag2: [1.05973224 0.34975334 0.08917211]
tag3: [ 4.11216782 -2.18742217  0.09657779]
tag0: [4.05188015 0.82887109 0.09656473]
tag2: [1.05973224 0.34975334 0.08917211]
tag3: [ 4.11384379 -2.20294968  0.09657277]
tag0: [4.05931203 0.81546106 0.09653854]
tag2: [1.05973224 0.34975334 0.08917211]
tag3: [ 4.11060129 -2.22579667  0.09658934]
tag0: [4.05862726 0.79460222 0.09651204]
tag2: [1.05973224 0.34975334 0.08917211]
tag3: [ 4.07739629 -2.24397552  0.09612979]
tag0: [4.03549413 0.77468055 0.09608285]
tag2: [1.05973224 0.34975334 0.08917211]
tag3: [ 4.03955759 -2.26176842  0.09566529]
tag0: [4.0108927  0.7603241  0.09556295]
tag2: [1.05973224 0.34975334 0.08917211]
tag3: [ 4.00026116 -2.27329787  0.09517807]
tag0: [3.97779633 0.75589675 0.09509065]
tag2: [1.05973224 0.34975334 0.08917211]
tag3: [ 3.96276145 -2.27584714  0.09469392]
tag0: [3.94093213 0.753148   0.09464279]
tag2: [1.05973224 0.34975334 0.08917211]
tag3: [ 3.92482863 -2.27359822  0.09419653]
tag0: [3.90577159 0.76925995 0.09413432]
tag2: [1.05973224 0.34975334 0.08917211]
tag3: [ 3.88797795 -2.26485322  0.09373143]
tag0: [3.87141863 0.79548342 0.09366588]
tag2: [1.05973224 0.34975334 0.08917211]
tag3: [ 3.85937568 -2.22950306  0.09322166]
tag0: [3.82637062 0.84201349 0.09317241]
tag2: [1.05973224 0.34975334 0.08917211]
tag3: [ 3.83722154 -2.17766322  0.09274052]
tag0: [3.75567843 0.88918815 0.09313639]
tag2: [1.05973224 0.34975334 0.08917211]
tag3: [ 3.81440781 -2.11856325  0.0922695 ]
tag0: [3.69390606 0.93530571 0.09308526]
tag2: [1.05973224 0.34975334 0.08917211]
tag3: [ 3.81928375 -2.0667341   0.09224253]
tag0: [3.65243874 0.9817233  0.09347794]
tag2: [1.05973224 0.34975334 0.08917211]
tag3: [ 3.82409117 -2.02097665  0.0922167 ]
tag0: [3.61608782 1.01915789 0.09394419]
tag2: [1.05973224 0.34975334 0.08917211]
tag3: [ 3.82730217 -1.98332599  0.09223259]
tag0: [3.58233201 1.04701849 0.09440581]
tag2: [1.05973224 0.34975334 0.08917211]
tag3: [ 3.80017945 -1.95022045  0.09268831]
tag0: [3.55104888 1.07704577 0.09483888]
tag2: [1.05973224 0.34975334 0.08917211]
tag3: [ 3.77175683 -1.92173986  0.09314976]
tag0: [3.51274953 1.10493945 0.09533667]
tag2: [1.05973224 0.34975334 0.08917211]
tag3: [ 3.74373066 -1.89028522  0.09359675]
tag0: [3.47583252 1.13464328 0.09579568]
tag2: [1.05973224 0.34975334 0.08917211]
tag3: [ 3.71473588 -1.86290336  0.09406248]
tag0: [3.41974709 1.14717153 0.095781  ]
tag2: [1.05973224 0.34975334 0.08917211]
tag3: [ 3.68586226 -1.83760954  0.0945183 ]
tag0: [3.38920348 1.16712048 0.09534288]
tag2: [1.05973224 0.34975334 0.08917211]
tag3: [ 3.65922128 -1.8164578   0.09495781]
tag0: [3.35561326 1.19722204 0.09492111]
tag2: [1.05973224 0.34975334 0.08917211]
tag3: [ 3.63247793 -1.79217182  0.09541189]
tag0: [3.3199515  1.23426094 0.0945046 ]
tag2: [1.05973224 0.34975334 0.08917211]
tag3: [ 3.61096111 -1.7539735   0.09587591]
tag0: [3.281704   1.27771099 0.09401393]
tag2: [1.05973224 0.34975334 0.08917211]
tag3: [ 3.59187257 -1.71218904  0.09630356]
tag0: [3.24135882 1.32590922 0.09354931]
tag2: [1.05973224 0.34975334 0.08917211]
tag3: [ 3.60113906 -1.67071739  0.09627541]
tag0: [3.19737331 1.38157704 0.09308807]
tag2: [1.05973224 0.34975334 0.08917211]
tag3: [ 3.61396402 -1.62091728  0.09625369]
tag0: [3.1507414  1.44142769 0.09264337]
tag2: [1.05973224 0.34975334 0.08917211]
tag3: [ 3.6054392  -1.56262184  0.09577845]
tag0: [3.0830608  1.49198673 0.09260858]
tag2: [1.05973224 0.34975334 0.08917211]
tag3: [ 3.59808169 -1.49921019  0.09534539]
tag0: [3.03372327 1.55848808 0.09300326]
tag2: [1.05973224 0.34975334 0.08917211]
tag3: [ 3.59331304 -1.4197302   0.09490057]
tag0: [2.97682822 1.63561134 0.09342409]
tag2: [1.05973224 0.34975334 0.08917211]
tag3: [ 3.59009262 -1.31975439  0.09445303]
tag0: [2.90444151 1.73096398 0.09384242]
tag2: [1.05973224 0.34975334 0.08917211]
tag3: [ 3.5864489  -1.21513905  0.09401188]
tag0: [2.83211779 1.84228908 0.09423528]
tag2: [1.05973224 0.34975334 0.08917211]
tag3: [ 3.58208425 -1.09959102  0.09356349]
tag0: [2.72761276 1.93524476 0.09425198]
tag2: [1.05973224 0.34975334 0.08917211]
tag3: [ 3.57766037 -0.97433919  0.09312847]
tag0: [2.61237752 2.03687496 0.09424849]
tag2: [1.05973224 0.34975334 0.08917211]
tag3: [ 3.57104116 -0.83527705  0.09269056]
tag0: [2.48545461 2.14358789 0.09425304]
tag2: [1.05973224 0.34975334 0.08917211]
tag3: [ 3.56010539 -0.68077722  0.09227225]
tag0: [2.34661347 2.25298059 0.09423845]
tag2: [1.05973224 0.34975334 0.08917211]
tag3: [ 3.54623764 -0.52370446  0.09270099]
tag0: [2.21562509 2.37715542 0.09381052]
tag2: [1.05973224 0.34975334 0.08917211]
tag3: [ 3.52740614 -0.35753867  0.09308128]
tag0: [2.08100235 2.49892453 0.09340863]
tag2: [1.05973224 0.34975334 0.08917211]
tag3: [ 3.50020626 -0.18045041  0.09347447]
tag0: [1.92833813 2.6262017  0.09294995]
tag2: [1.05973224 0.34975334 0.08917211]
tag3: [ 3.46899098 -0.01554826  0.0938715 ]
tag0: [1.76893887 2.74020282 0.09253193]
tag2: [1.05973224 0.34975334 0.08917211]
tag3: [3.43104878 0.16369115 0.0942512 ]
tag0: [1.59614264 2.8294141  0.09231381]
tag2: [1.05973224 0.34975334 0.08917211]
tag3: [3.38034593 0.3575594  0.09467512]
tag0: [1.42497438 2.93572983 0.09268523]
tag2: [1.05973224 0.34975334 0.08917211]
tag3: [3.32158715 0.54754381 0.09504085]
tag0: [1.25151033 3.03344176 0.09304494]
tag2: [1.05973224 0.34975334 0.08917211]
tag3: [3.2372383  0.73156029 0.09504991]
tag0: [1.0794198  3.11958017 0.09339518]
tag2: [1.05973224 0.34975334 0.08917211]
tag3: [3.14775214 0.90376118 0.09503172]
tag0: [0.90964536 3.17856043 0.093447  ]
tag2: [1.05973224 0.34975334 0.08917211]
tag3: [3.07500803 1.07256114 0.09460261]
tag0: [0.73624738 3.22856122 0.09344714]
tag2: [1.05973224 0.34975334 0.08917211]
tag3: [2.99673206 1.23535112 0.09416726]
tag0: [0.55557116 3.27687232 0.09345025]
tag2: [1.05973224 0.34975334 0.08917211]
tag3: [2.91851521 1.37838831 0.09377521]
tag0: [0.38642897 3.30962814 0.09347715]
tag2: [1.05973224 0.34975334 0.08917211]
tag3: [2.8322745  1.52919875 0.09336753]
tag0: [0.23359556 3.33292982 0.09345652]
tag2: [1.05973224 0.34975334 0.08917211]
tag3: [2.74150005 1.67284104 0.09296875]
tag0: [0.0764325  3.36143608 0.09326345]
tag2: [1.05973224 0.34975334 0.08917211]
tag3: [2.65871163 1.78755356 0.0925262 ]
tag0: [-0.05991175  3.38519507  0.09289048]
tag2: [1.05973224 0.34975334 0.08917211]
tag3: [2.5737894  1.90352812 0.09213734]
tag0: [-0.19462792  3.40395532  0.09252619]
tag2: [1.05973224 0.34975334 0.08917211]
tag3: [2.5050463  2.01635629 0.09211624]
tag0: [-0.32291276  3.41820615  0.09217157]
tag2: [1.05973224 0.34975334 0.08917211]
tag3: [2.43457759 2.12197824 0.09216153]
tag0: [-0.44414644  3.44401973  0.09211101]
tag2: [1.05973224 0.34975334 0.08917211]
tag3: [2.35759582 2.20693442 0.09254202]
tag0: [-0.55136098  3.44089145  0.09226876]
tag2: [1.05973224 0.34975334 0.08917211]
tag3: [2.28321338 2.28337171 0.09292202]
tag0: [-0.65140203  3.42929804  0.09228475]
tag2: [1.05973224 0.34975334 0.08917211]
tag3: [2.20028632 2.34601852 0.09295788]
tag0: [-0.74508785  3.41517141  0.09230582]
tag2: [1.05973224 0.34975334 0.08917211]
tag3: [2.12259795 2.39597507 0.09295421]
tag0: [-0.83801124  3.39950662  0.09233904]
tag2: [1.05973224 0.34975334 0.08917211]
tag3: [2.05016415 2.4363402  0.09296644]
tag0: [-0.91777801  3.38095958  0.09235323]
tag2: [1.05973224 0.34975334 0.08917211]
tag3: [1.97781014 2.47743349 0.09295123]
tag0: [-0.99258145  3.36130003  0.09237375]
tag2: [1.05973224 0.34975334 0.08917211]
tag3: [1.90979626 2.51218351 0.09297127]
tag0: [-1.05779538  3.34004737  0.09239327]
tag2: [1.05973224 0.34975334 0.08917211]
tag3: [1.84216929 2.54453119 0.09299537]
tag0: [-1.05779538  3.34004737  0.09239327]
tag2: [1.05973224 0.34975334 0.08917211]
tag3: [1.78153685 2.5723639  0.09295496]
tag0: [-1.05779538  3.34004737  0.09239327]
tag2: [1.05973224 0.34975334 0.08917211]
tag3: [1.73329072 2.60771878 0.09258333]
tag0: [-1.05779538  3.34004737  0.09239327]
tag2: [1.05973224 0.34975334 0.08917211]
tag3: [1.68916189 2.63744151 0.09222383]
tag0: [-1.05779538  3.34004737  0.09239327]
tag2: [1.05973224 0.34975334 0.08917211]
tag3: [1.65815786 2.67273578 0.09216677]
tag0: [-1.05779538  3.34004737  0.09239327]
tag2: [1.05973224 0.34975334 0.08917211]
tag3: [1.63233332 2.70530734 0.09216489]
tag0: [-1.05779538  3.34004737  0.09239327]
tag2: [1.05973224 0.34975334 0.08917211]
tag3: [1.61060346 2.72753932 0.09215131]
tag0: [-1.05779538  3.34004737  0.09239327]
tag2: [1.05973224 0.34975334 0.08917211]
tag3: [1.58077928 2.72498699 0.09217629]
tag0: [-1.05779538  3.34004737  0.09239327]
tag2: [1.05973224 0.34975334 0.08917211]
tag3: [1.55734113 2.71777683 0.09216885]
tag0: [-1.05779538  3.34004737  0.09239327]
tag2: [1.05973224 0.34975334 0.08917211]
tag3: [1.54409142 2.70186076 0.09215581]
tag0: [-1.05779538  3.34004737  0.09239327]
tag2: [1.05973224 0.34975334 0.08917211]
tag3: [1.53332364 2.68464444 0.09215078]
tag0: [-1.05779538  3.34004737  0.09239327]
tag2: [1.05973224 0.34975334 0.08917211]
tag3: [1.52500422 2.66648014 0.09218157]
tag0: [-1.05779538  3.34004737  0.09239327]
tag2: [1.05973224 0.34975334 0.08917211]
tag3: [1.51961462 2.64667839 0.09220976]
tag0: [-1.05779538  3.34004737  0.09239327]
tag2: [1.05973224 0.34975334 0.08917211]
tag3: [1.51706076 2.62592391 0.09222656]
tag0: [-1.05779538  3.34004737  0.09239327]
tag2: [1.05973224 0.34975334 0.08917211]
tag3: [1.5157608  2.60422847 0.09224943]
tag0: [-1.05779538  3.34004737  0.09239327]
tag2: [1.05973224 0.34975334 0.08917211]
tag3: [1.51749015 2.58694175 0.09227306]
tag0: [-1.05779538  3.34004737  0.09239327]
tag2: [1.05973224 0.34975334 0.08917211]
tag3: [1.52473534 2.57735247 0.09219031]
tag0: [-1.05779538  3.34004737  0.09239327]
tag2: [1.05973224 0.34975334 0.08917211]
tag3: [1.52747307 2.56182036 0.0920629 ]
tag0: [-1.05779538  3.34004737  0.09239327]
tag2: [1.05973224 0.34975334 0.08917211]
tag3: [1.52774304 2.54203354 0.09207868]
tag0: [-1.05779538  3.34004737  0.09239327]
tag2: [1.05973224 0.34975334 0.08917211]
tag3: [1.52920685 2.52143307 0.09208658]
tag0: [-1.05779538  3.34004737  0.09239327]
tag2: [1.05973224 0.34975334 0.08917211]
tag3: [1.53158785 2.49969958 0.09205829]
tag0: [-1.05779538  3.34004737  0.09239327]
tag2: [1.05973224 0.34975334 0.08917211]
tag3: [1.53489101 2.47735905 0.09202806]
tag0: [-1.05779538  3.34004737  0.09239327]
tag2: [1.05973224 0.34975334 0.08917211]
tag3: [1.53810667 2.45466885 0.09201111]
tag0: [-1.05779538  3.34004737  0.09239327]
tag2: [1.05973224 0.34975334 0.08917211]
tag3: [1.54250095 2.43174148 0.09199764]
tag0: [-1.05779538  3.34004737  0.09239327]
tag2: [1.05973224 0.34975334 0.08917211]
tag3: [1.54723488 2.40885516 0.09199954]
tag0: [-1.05779538  3.34004737  0.09239327]
tag2: [1.05973224 0.34975334 0.08917211]
tag3: [1.55338804 2.38801246 0.09180327]
tag0: [-1.05779538  3.34004737  0.09239327]
tag2: [1.05973224 0.34975334 0.08917211]
tag3: [1.55862915 2.3655641  0.09188934]
tag0: [-1.05779538  3.34004737  0.09239327]
tag2: [1.05973224 0.34975334 0.08917211]
tag3: [1.56550292 2.34486422 0.09189469]
tag0: [-1.05779538  3.34004737  0.09239327]
tag2: [1.05973224 0.34975334 0.08917211]
tag3: [1.57220425 2.32380536 0.09189976]
tag0: [-1.05779538  3.34004737  0.09239327]
tag2: [1.05973224 0.34975334 0.08917211]
tag3: [1.58006136 2.30214402 0.09190502]
tag0: [-1.05779538  3.34004737  0.09239327]
tag2: [1.05973224 0.34975334 0.08917211]
tag3: [1.58865728 2.27999483 0.09191656]
tag0: [-1.05779538  3.34004737  0.09239327]
tag2: [1.05973224 0.34975334 0.08917211]
tag3: [1.59174309 2.2507669  0.09170332]
tag0: [-1.05779538  3.34004737  0.09239327]
tag2: [1.05973224 0.34975334 0.08917211]
tag3: [1.59435191 2.21939307 0.09142748]
tag0: [-1.05779538  3.34004737  0.09239327]
tag2: [1.05973224 0.34975334 0.08917211]
tag3: [1.59722869 2.1855298  0.09110082]
tag0: [-1.05779538  3.34004737  0.09239327]
tag2: [1.05973224 0.34975334 0.08917211]
tag3: [1.60359432 2.15479507 0.09133216]
tag0: [-1.05779538  3.34004737  0.09239327]
tag2: [1.05973224 0.34975334 0.08917211]
tag3: [1.61549698 2.12843864 0.09138006]
tag0: [-1.05779538  3.34004737  0.09239327]
tag2: [1.05973224 0.34975334 0.08917211]
tag3: [1.63038898 2.10249982 0.09136904]
tag0: [-1.05779538  3.34004737  0.09239327]
tag2: [1.05973224 0.34975334 0.08917211]
tag3: [1.64708338 2.07516645 0.09136169]
tag0: [-1.05779538  3.34004737  0.09239327]
tag2: [1.05973224 0.34975334 0.08917211]
tag3: [1.65659161 2.04093743 0.09110153]
tag0: [-1.05779538  3.34004737  0.09239327]
tag2: [1.05973224 0.34975334 0.08917211]
tag3: [1.6642647  2.00676457 0.0908311 ]
tag0: [-1.05779538  3.34004737  0.09239327]
tag2: [1.05973224 0.34975334 0.08917211]
tag3: [1.67881728 1.97744615 0.09080338]
tag0: [-1.05779538  3.34004737  0.09239327]
tag2: [1.05973224 0.34975334 0.08917211]
tag3: [1.69426959 1.94836297 0.09083916]
tag0: [-1.05779538  3.34004737  0.09239327]
tag2: [1.05973224 0.34975334 0.08917211]
tag3: [1.70429812 1.91421675 0.09116498]
tag0: [-1.05779538  3.34004737  0.09239327]
tag2: [1.05973224 0.34975334 0.08917211]
tag3: [1.71887452 1.88445922 0.09122097]
tag0: [-1.05779538  3.34004737  0.09239327]
tag2: [1.05973224 0.34975334 0.08917211]
tag3: [1.72793719 1.85062867 0.09097176]
tag0: [-1.05779538  3.34004737  0.09239327]
tag2: [1.05973224 0.34975334 0.08917211]
tag3: [1.73768044 1.81597052 0.09072554]
tag0: [-1.05779538  3.34004737  0.09239327]
tag2: [1.05973224 0.34975334 0.08917211]
tag3: [1.74724311 1.78075917 0.09047886]
tag0: [-1.05779538  3.34004737  0.09239327]
tag2: [1.05973224 0.34975334 0.08917211]
tag3: [1.76313424 1.75008528 0.09045175]
tag0: [-1.05779538  3.34004737  0.09239327]
tag2: [1.05973224 0.34975334 0.08917211]
tag3: [1.77651038 1.71275858 0.0907236 ]
tag0: [-1.05779538  3.34004737  0.09239327]
tag2: [1.05973224 0.34975334 0.08917211]
tag3: [1.78469545 1.67126771 0.09077863]
tag0: [-0.99779303  3.18673891  0.09208621]
tag2: [1.05973224 0.34975334 0.08917211]
tag3: [1.78469545 1.67126771 0.09077863]
tag0: [-0.92024366  3.02984134  0.09179258]
tag2: [1.05973224 0.34975334 0.08917211]
tag3: [1.78469545 1.67126771 0.09077863]
tag0: [-0.83081584  2.89626323  0.09132583]
tag2: [1.05973224 0.34975334 0.08917211]
tag3: [1.78469545 1.67126771 0.09077863]
tag0: [-0.72847819  2.76458593  0.09101439]
tag2: [1.05973224 0.34975334 0.08917211]
tag3: [1.78469545 1.67126771 0.09077863]
tag0: [-0.61564061  2.62937645  0.09069451]
tag2: [1.05973224 0.34975334 0.08917211]
tag3: [1.78469545 1.67126771 0.09077863]
tag0: [-0.48857914  2.49076116  0.09034137]
tag2: [1.05973224 0.34975334 0.08917211]
tag3: [1.78469545 1.67126771 0.09077863]
tag0: [-0.3459864   2.34730696  0.08999282]
tag2: [1.05973224 0.34975334 0.08917211]
tag3: [1.78469545 1.67126771 0.09077863]
tag0: [-0.1870153   2.19834337  0.08963748]
tag2: [1.05973224 0.34975334 0.08917211]
tag3: [1.78469545 1.67126771 0.09077863]
tag0: [-0.01492095  2.04422064  0.08928115]
tag2: [1.05973224 0.34975334 0.08917211]
tag3: [1.78469545 1.67126771 0.09077863]
tag0: [0.04711648 2.01687703 0.08923048]
tag2: [1.05973224 0.34975334 0.08917211]
tag3: [1.78469545 1.67126771 0.09077863]
tag0: [0.11002542 1.98678255 0.08918915]
tag2: [1.05973224 0.34975334 0.08917211]
tag3: [1.78469545 1.67126771 0.09077863]
tag0: [0.17247679 1.95389982 0.08916652]
tag2: [1.05973224 0.34975334 0.08917211]
tag3: [1.78469545 1.67126771 0.09077863]
tag0: [0.23547772 1.9187791  0.08915989]
tag2: [1.05973224 0.34975334 0.08917211]
tag3: [1.78469545 1.67126771 0.09077863]
tag0: [0.30348646 1.8787458  0.08913456]
tag2: [1.05973224 0.34975334 0.08917211]
tag3: [1.78469545 1.67126771 0.09077863]
tag0: [0.37007804 1.83593471 0.0891011 ]
tag2: [1.05973224 0.34975334 0.08917211]
tag3: [1.78469545 1.67126771 0.09077863]
tag0: [0.43377229 1.7920056  0.08906115]
tag2: [1.05973224 0.34975334 0.08917211]
tag3: [1.78469545 1.67126771 0.09077863]
tag0: [0.49501939 1.74423802 0.08902175]
tag2: [1.05973224 0.34975334 0.08917211]
tag3: [1.78469545 1.67126771 0.09077863]
tag0: [0.55292292 1.69543681 0.08899341]
tag2: [1.05973224 0.34975334 0.08917211]
tag3: [1.78469545 1.67126771 0.09077863]
tag0: [0.60893642 1.64501053 0.08897917]
tag2: [1.05973224 0.34975334 0.08917211]
tag3: [1.78469545 1.67126771 0.09077863]
tag0: [0.65952253 1.59321334 0.08897105]
tag2: [1.05973224 0.34975334 0.08917211]
tag3: [1.78469545 1.67126771 0.09077863]
tag0: [0.70853679 1.53877923 0.0889377 ]
tag2: [1.05973224 0.34975334 0.08917211]
tag3: [1.78469545 1.67126771 0.09077863]
tag0: [0.75422418 1.48395852 0.08888407]
tag2: [1.05973224 0.34975334 0.08917211]
tag3: [1.78469545 1.67126771 0.09077863]
tag0: [0.79611955 1.42959461 0.0888273 ]
tag2: [1.05973224 0.34975334 0.08917211]
tag3: [1.78469545 1.67126771 0.09077863]
tag0: [0.83462807 1.37408317 0.08883778]
tag2: [1.05973224 0.34975334 0.08917211]
tag3: [1.78469545 1.67126771 0.09077863]
tag0: [0.8693874  1.31778933 0.08879856]
tag2: [1.05973224 0.34975334 0.08917211]
tag3: [1.78469545 1.67126771 0.09077863]
tag0: [0.90034611 1.26287548 0.08878714]
tag2: [1.05973224 0.34975334 0.08917211]
tag3: [1.78469545 1.67126771 0.09077863]
tag0: [0.92789098 1.20843367 0.0887491 ]
tag2: [1.05973224 0.34975334 0.08917211]
tag3: [1.78469545 1.67126771 0.09077863]
tag0: [0.9525132  1.15361301 0.08871577]
tag2: [1.05973224 0.34975334 0.08917211]
tag3: [1.78469545 1.67126771 0.09077863]
tag0: [0.97473362 1.09873003 0.08866221]
tag2: [1.05973224 0.34975334 0.08917211]
tag3: [1.78469545 1.67126771 0.09077863]
tag0: [0.99427512 1.04467795 0.08859308]
tag2: [1.05973224 0.34975334 0.08917211]
tag3: [1.78469545 1.67126771 0.09077863]
tag0: [1.01269916 0.98972506 0.08852932]
tag2: [1.05973224 0.34975334 0.08917211]
tag3: [1.78469545 1.67126771 0.09077863]
tag0: [1.02760208 0.93756252 0.08848417]
tag2: [1.05973224 0.34975334 0.08917211]
tag3: [1.78469545 1.67126771 0.09077863]
tag0: [1.03992394 0.88773119 0.08838411]
tag2: [1.05973224 0.34975334 0.08917211]
tag3: [1.78469545 1.67126771 0.09077863]
tag0: [1.04997074 0.8381069  0.08835341]
tag2: [1.05973224 0.34975334 0.08917211]
tag3: [1.78469545 1.67126771 0.09077863]
tag0: [1.05773219 0.79111186 0.08830678]
tag2: [1.05973224 0.34975334 0.08917211]
tag3: [1.78469545 1.67126771 0.09077863]
tag0: [1.06322607 0.74507711 0.08825187]
tag2: [1.05973224 0.34975334 0.08917211]
tag3: [1.78469545 1.67126771 0.09077863]
tag0: [1.06672291 0.70098899 0.08819409]
tag2: [1.05973224 0.34975334 0.08917211]
tag3: [1.78469545 1.67126771 0.09077863]
tag0: [1.1043209  0.5012464  0.08833466]
tag2: [1.05973224 0.34975334 0.08917211]
tag3: [1.78469545 1.67126771 0.09077863]
tag0: [1.13918438 0.3092461  0.08852669]
tag2: [1.05973224 0.34975334 0.08917211]
tag3: [1.78469545 1.67126771 0.09077863]
tag0: [1.17990157 0.11969523 0.08895312]
tag2: [1.05973224 0.34975334 0.08917211]
tag3: [1.78469545 1.67126771 0.09077863]
tag0: [ 1.21973937 -0.06502183  0.08941489]
tag2: [1.05973224 0.34975334 0.08917211]
tag3: [1.78469545 1.67126771 0.09077863]
tag0: [ 1.25883099 -0.24415937  0.0898867 ]
tag2: [1.05973224 0.34975334 0.08917211]
tag3: [1.78469545 1.67126771 0.09077863]
tag0: [ 1.29779526 -0.41633448  0.09033831]
tag2: [1.05973224 0.34975334 0.08917211]
tag3: [1.78469545 1.67126771 0.09077863]
tag0: [ 1.34446557 -0.58944924  0.09051784]
tag2: [1.05973224 0.34975334 0.08917211]
tag3: [1.78469545 1.67126771 0.09077863]
tag0: [ 1.38998526 -0.75676239  0.09071295]
tag2: [1.05973224 0.34975334 0.08917211]
tag3: [1.78469545 1.67126771 0.09077863]
tag0: [ 1.43548809 -0.91892369  0.09090467]
tag2: [1.05973224 0.34975334 0.08917211]
tag3: [1.78469545 1.67126771 0.09077863]
tag0: [ 1.45347924 -0.92217392  0.09117852]
tag2: [1.05973224 0.34975334 0.08917211]
tag3: [1.78469545 1.67126771 0.09077863]
tag0: [ 1.4705978  -0.92487255  0.09142824]
tag2: [1.05973224 0.34975334 0.08917211]
tag3: [1.78469545 1.67126771 0.09077863]
tag0: [ 1.47912726 -0.92213614  0.09141879]
tag2: [1.05973224 0.34975334 0.08917211]
tag3: [1.78469545 1.67126771 0.09077863]
tag0: [ 1.4867121  -0.91905361  0.09138665]
tag2: [1.05973224 0.34975334 0.08917211]
tag3: [1.78469545 1.67126771 0.09077863]
tag0: [ 1.5036398  -0.92150737  0.09110136]
tag2: [1.05973224 0.34975334 0.08917211]
tag3: [1.78469545 1.67126771 0.09077863]
tag0: [ 1.52548949 -0.92745361  0.09096675]
tag2: [1.05973224 0.34975334 0.08917211]
tag3: [1.78469545 1.67126771 0.09077863]
tag0: [ 1.54341247 -0.92955836  0.09124654]
tag2: [1.05973224 0.34975334 0.08917211]
tag3: [1.78469545 1.67126771 0.09077863]
tag0: [ 1.56236647 -0.93127921  0.0915215 ]
tag2: [1.05973224 0.34975334 0.08917211]
tag3: [1.78469545 1.67126771 0.09077863]
tag0: [ 1.58193445 -0.93458235  0.09180674]
tag2: [1.05973224 0.34975334 0.08917211]
tag3: [1.78469545 1.67126771 0.09077863]
tag0: [ 1.59246688 -0.9343942   0.09181171]
tag2: [1.05973224 0.34975334 0.08917211]
tag3: [1.78469545 1.67126771 0.09077863]
tag0: [ 1.60374597 -0.93420964  0.09182277]
tag2: [1.05973224 0.34975334 0.08917211]
tag3: [1.78469545 1.67126771 0.09077863]
tag0: [ 1.61594664 -0.93436439  0.09184635]
tag2: [1.05973224 0.34975334 0.08917211]
tag3: [1.78469545 1.67126771 0.09077863]
tag0: [ 1.62987745 -0.93528429  0.09186444]
tag2: [1.05973224 0.34975334 0.08917211]
tag3: [1.78469545 1.67126771 0.09077863]
tag0: [ 1.63578767 -0.93148995  0.09214769]
tag2: [1.05973224 0.34975334 0.08917211]
tag3: [1.78469545 1.67126771 0.09077863]
tag0: [ 1.63736885 -0.92597001  0.09228506]
tag2: [1.05973224 0.34975334 0.08917211]
tag3: [1.78469545 1.67126771 0.09077863]
tag0: [ 1.63541304 -0.91813645  0.09227939]
tag2: [1.05973224 0.34975334 0.08917211]
tag3: [1.78469545 1.67126771 0.09077863]
tag0: [ 1.63481038 -0.91220187  0.09228751]
tag2: [1.05973224 0.34975334 0.08917211]
tag3: [1.78469545 1.67126771 0.09077863]
tag0: [ 1.63531334 -0.90625971  0.09228653]
tag2: [1.05973224 0.34975334 0.08917211]
tag3: [1.78469545 1.67126771 0.09077863]
tag0: [ 1.64917123 -0.90642734  0.09197299]
tag2: [1.05973224 0.34975334 0.08917211]
tag3: [1.78469545 1.67126771 0.09077863]
tag0: [ 1.65502382 -0.90226352  0.09195309]
tag2: [1.05973224 0.34975334 0.08917211]
tag3: [1.78469545 1.67126771 0.09077863]
tag0: [ 1.66358381 -0.89974527  0.09192786]
tag2: [1.05973224 0.34975334 0.08917211]
tag3: [1.78469545 1.67126771 0.09077863]
tag0: [ 1.67362552 -0.89856528  0.09191228]
tag2: [1.05973224 0.34975334 0.08917211]
tag3: [1.78469545 1.67126771 0.09077863]
tag0: [ 1.67362552 -0.89856528  0.09191228]
tag1: [-0.9133546   1.94369384  0.08870108]
tag2: [1.05973224 0.34975334 0.08917211]
tag3: [1.78469545 1.67126771 0.09077863]
tag0: [ 1.67362552 -0.89856528  0.09191228]
tag1: [-0.90136712  1.96031275  0.08872662]
tag2: [1.05973224 0.34975334 0.08917211]
tag3: [1.78469545 1.67126771 0.09077863]
tag0: [ 1.67362552 -0.89856528  0.09191228]
tag1: [-0.88532589  1.96620867  0.08878628]
tag2: [1.05973224 0.34975334 0.08917211]
tag3: [1.78469545 1.67126771 0.09077863]
tag0: [ 1.67362552 -0.89856528  0.09191228]
tag1: [-0.87150555  1.97287734  0.08877581]
tag2: [1.05973224 0.34975334 0.08917211]
tag3: [1.78469545 1.67126771 0.09077863]
tag0: [ 1.67362552 -0.89856528  0.09191228]
tag1: [-0.86255776  1.97910768  0.08880386]
tag2: [1.05973224 0.34975334 0.08917211]
tag3: [1.78469545 1.67126771 0.09077863]
tag0: [ 1.67362552 -0.89856528  0.09191228]
tag1: [-0.85308573  1.98440891  0.08880108]
tag2: [1.05973224 0.34975334 0.08917211]
tag3: [1.78469545 1.67126771 0.09077863]
tag0: [ 1.67362552 -0.89856528  0.09191228]
tag1: [-0.84488276  1.99026591  0.08879322]
tag2: [1.05973224 0.34975334 0.08917211]
tag3: [1.78469545 1.67126771 0.09077863]
tag0: [ 1.67362552 -0.89856528  0.09191228]
tag1: [-0.83797993  1.99714934  0.08880364]
tag2: [1.05973224 0.34975334 0.08917211]
tag3: [1.78469545 1.67126771 0.09077863]
tag0: [ 1.67362552 -0.89856528  0.09191228]
tag1: [-0.82891537  2.00231317  0.08874696]
tag2: [1.05973224 0.34975334 0.08917211]
tag3: [1.78469545 1.67126771 0.09077863]
tag0: [ 1.67362552 -0.89856528  0.09191228]
tag1: [-0.82264475  2.00863974  0.08875273]
tag2: [1.05973224 0.34975334 0.08917211]
tag3: [1.78469545 1.67126771 0.09077863]
tag0: [ 1.67362552 -0.89856528  0.09191228]
tag1: [-0.81598654  2.01474541  0.08875512]
tag2: [1.05973224 0.34975334 0.08917211]
tag3: [1.78469545 1.67126771 0.09077863]
tag0: [ 1.67362552 -0.89856528  0.09191228]
tag1: [-0.81053486  2.02104845  0.08878047]
tag2: [1.05973224 0.34975334 0.08917211]
tag3: [1.78469545 1.67126771 0.09077863]
tag0: [ 1.67362552 -0.89856528  0.09191228]
tag1: [-0.80540187  2.02704148  0.08885407]
tag2: [1.05973224 0.34975334 0.08917211]
tag3: [1.78469545 1.67126771 0.09077863]
tag0: [ 1.67362552 -0.89856528  0.09191228]
tag1: [-0.80106256  2.03255539  0.08886059]
tag2: [1.05973224 0.34975334 0.08917211]
tag3: [1.78469545 1.67126771 0.09077863]
tag0: [ 1.67362552 -0.89856528  0.09191228]
tag1: [-0.79750679  2.03801735  0.08889475]
tag2: [1.05973224 0.34975334 0.08917211]
tag3: [1.78469545 1.67126771 0.09077863]
tag0: [ 1.67362552 -0.89856528  0.09191228]
tag1: [-0.79462645  2.04278795  0.08892438]
tag2: [1.05973224 0.34975334 0.08917211]
tag3: [1.78469545 1.67126771 0.09077863]
tag0: [ 1.67362552 -0.89856528  0.09191228]
tag1: [-0.79102753  2.04669852  0.0889311 ]
tag2: [1.05973224 0.34975334 0.08917211]
tag3: [1.78469545 1.67126771 0.09077863]
tag0: [ 1.67362552 -0.89856528  0.09191228]
tag1: [-0.78678598  2.05123379  0.08900562]
tag2: [1.05973224 0.34975334 0.08917211]
tag3: [1.78469545 1.67126771 0.09077863]
tag0: [ 1.67362552 -0.89856528  0.09191228]
tag1: [-0.78283561  2.05503715  0.08900041]
tag2: [1.05973224 0.34975334 0.08917211]
tag3: [1.78469545 1.67126771 0.09077863]
tag0: [ 1.67362552 -0.89856528  0.09191228]
tag1: [-0.77928011  2.0585895   0.08902179]
tag2: [1.05973224 0.34975334 0.08917211]
tag3: [1.78469545 1.67126771 0.09077863]
tag0: [ 1.67362552 -0.89856528  0.09191228]
tag1: [-0.77594825  2.06158321  0.08901359]
tag2: [1.05973224 0.34975334 0.08917211]
tag3: [1.78469545 1.67126771 0.09077863]
tag0: [ 1.67362552 -0.89856528  0.09191228]
tag1: [-0.77261057  2.06478706  0.08904763]
tag2: [1.05973224 0.34975334 0.08917211]
tag3: [1.78469545 1.67126771 0.09077863]
tag0: [ 1.67362552 -0.89856528  0.09191228]
tag1: [-0.76949736  2.06762594  0.08905619]
tag2: [1.05973224 0.34975334 0.08917211]
tag3: [1.78469545 1.67126771 0.09077863]
tag0: [ 1.67362552 -0.89856528  0.09191228]
tag1: [-0.76642122  2.06982337  0.08904298]
tag2: [1.05973224 0.34975334 0.08917211]
tag3: [1.78469545 1.67126771 0.09077863]
tag0: [ 1.67362552 -0.89856528  0.09191228]
tag1: [-0.76288166  2.07141461  0.08905544]
tag2: [1.05973224 0.34975334 0.08917211]
tag3: [1.78469545 1.67126771 0.09077863]
tag0: [ 1.67362552 -0.89856528  0.09191228]
tag1: [-0.76192868  2.07272178  0.08905718]
tag2: [1.05973224 0.34975334 0.08917211]
tag3: [1.78469545 1.67126771 0.09077863]
tag0: [ 1.67362552 -0.89856528  0.09191228]
tag1: [-0.76288447  2.07445823  0.08905627]
tag2: [1.05973224 0.34975334 0.08917211]
tag3: [1.78469545 1.67126771 0.09077863]
tag0: [ 1.67362552 -0.89856528  0.09191228]
tag1: [-0.76301183  2.07598191  0.08908997]
tag2: [1.05973224 0.34975334 0.08917211]
tag3: [1.78469545 1.67126771 0.09077863]
tag0: [ 1.67362552 -0.89856528  0.09191228]
tag1: [-0.76460938  2.07731904  0.08909508]
tag2: [1.05973224 0.34975334 0.08917211]
tag3: [1.78469545 1.67126771 0.09077863]
tag0: [ 1.67362552 -0.89856528  0.09191228]
tag1: [-0.76730016  2.07900259  0.08911592]
tag2: [1.05973224 0.34975334 0.08917211]
tag3: [1.78469545 1.67126771 0.09077863]
tag0: [ 1.67362552 -0.89856528  0.09191228]
tag1: [-0.77130473  2.0803416   0.08911918]
tag2: [1.05973224 0.34975334 0.08917211]
tag3: [1.78469545 1.67126771 0.09077863]
tag0: [ 1.67362552 -0.89856528  0.09191228]
tag1: [-0.7751476   2.08218965  0.08911966]
tag2: [1.05973224 0.34975334 0.08917211]
tag3: [1.78469545 1.67126771 0.09077863]
tag0: [ 1.67362552 -0.89856528  0.09191228]
tag1: [-0.77798387  2.08464901  0.0891442 ]
tag2: [1.05973224 0.34975334 0.08917211]
tag3: [1.78469545 1.67126771 0.09077863]
tag0: [ 1.67362552 -0.89856528  0.09191228]
tag1: [-0.7824275   2.08856619  0.08912976]
tag2: [1.05973224 0.34975334 0.08917211]
tag3: [1.78469545 1.67126771 0.09077863]
tag0: [ 1.67362552 -0.89856528  0.09191228]
tag1: [-0.78700696  2.0920776   0.0891293 ]
tag2: [1.05973224 0.34975334 0.08917211]
tag3: [1.78469545 1.67126771 0.09077863]
tag0: [ 1.67362552 -0.89856528  0.09191228]
tag1: [-0.79094659  2.09428968  0.08913516]
tag2: [1.05973224 0.34975334 0.08917211]
tag3: [1.78469545 1.67126771 0.09077863]
tag0: [ 1.67362552 -0.89856528  0.09191228]
tag1: [-0.79543039  2.09745189  0.08910568]
tag2: [1.05973224 0.34975334 0.08917211]
tag3: [1.78469545 1.67126771 0.09077863]
tag0: [ 1.67362552 -0.89856528  0.09191228]
tag1: [-0.79885252  2.10004398  0.08909644]
tag2: [1.05973224 0.34975334 0.08917211]
tag3: [1.78469545 1.67126771 0.09077863]
tag0: [ 1.67362552 -0.89856528  0.09191228]
tag1: [-0.8010339   2.10339749  0.08906575]
tag2: [1.05973224 0.34975334 0.08917211]
tag3: [1.78469545 1.67126771 0.09077863]
tag0: [ 1.67362552 -0.89856528  0.09191228]
tag1: [-0.80403464  2.0985395   0.08893179]
tag2: [1.05973224 0.34975334 0.08917211]
tag3: [1.78469545 1.67126771 0.09077863]
tag0: [ 1.67362552 -0.89856528  0.09191228]
tag1: [-0.80898345  2.10302926  0.08890115]
tag2: [1.05973224 0.34975334 0.08917211]
tag3: [1.78469545 1.67126771 0.09077863]
tag0: [ 1.67362552 -0.89856528  0.09191228]
tag1: [-0.81427401  2.10697632  0.0888728 ]
tag2: [1.05973224 0.34975334 0.08917211]
tag3: [1.78469545 1.67126771 0.09077863]
tag0: [ 1.67362552 -0.89856528  0.09191228]
tag1: [-0.81826092  2.11035229  0.08887366]
tag2: [1.05973224 0.34975334 0.08917211]
tag3: [1.78469545 1.67126771 0.09077863]
tag0: [ 1.67362552 -0.89856528  0.09191228]
tag1: [-0.8212102   2.11328427  0.08884624]
tag2: [1.05973224 0.34975334 0.08917211]
tag3: [1.78469545 1.67126771 0.09077863]
tag0: [ 1.67362552 -0.89856528  0.09191228]
tag1: [-0.82379032  2.11610223  0.08883329]
tag2: [1.05973224 0.34975334 0.08917211]
tag3: [1.78469545 1.67126771 0.09077863]
tag0: [ 1.67362552 -0.89856528  0.09191228]
tag1: [-0.82654142  2.11769842  0.08882958]
tag2: [1.05973224 0.34975334 0.08917211]
tag3: [1.78469545 1.67126771 0.09077863]
tag0: [ 1.67362552 -0.89856528  0.09191228]
tag1: [-0.82852107  2.11959999  0.08880053]
tag2: [1.05973224 0.34975334 0.08917211]
tag3: [1.78469545 1.67126771 0.09077863]
tag0: [ 1.67362552 -0.89856528  0.09191228]
tag1: [-0.83077734  2.12053125  0.08880726]
tag2: [1.05973224 0.34975334 0.08917211]
tag3: [1.78469545 1.67126771 0.09077863]
tag0: [ 1.67362552 -0.89856528  0.09191228]
tag1: [-0.83126839  2.12884865  0.08890974]
tag2: [1.05973224 0.34975334 0.08917211]
tag3: [1.78469545 1.67126771 0.09077863]
tag0: [ 1.67362552 -0.89856528  0.09191228]
tag1: [-0.82989181  2.12719407  0.08893579]
tag2: [1.05973224 0.34975334 0.08917211]
tag3: [1.78469545 1.67126771 0.09077863]
tag0: [ 1.67362552 -0.89856528  0.09191228]
tag1: [-0.82895262  2.12514052  0.08895666]
tag2: [1.05973224 0.34975334 0.08917211]
tag3: [1.78469545 1.67126771 0.09077863]
tag0: [ 1.67362552 -0.89856528  0.09191228]
tag1: [-0.82777238  2.12304181  0.08896751]
tag2: [1.05973224 0.34975334 0.08917211]
tag3: [1.78469545 1.67126771 0.09077863]
tag0: [ 1.67362552 -0.89856528  0.09191228]
tag1: [-0.82587175  2.12088611  0.08902583]
tag2: [1.05973224 0.34975334 0.08917211]
tag3: [1.78469545 1.67126771 0.09077863]
tag0: [ 1.67362552 -0.89856528  0.09191228]
tag1: [-0.82396229  2.11997435  0.08902744]
tag2: [1.05973224 0.34975334 0.08917211]
tag3: [1.78469545 1.67126771 0.09077863]
tag0: [ 1.67362552 -0.89856528  0.09191228]
tag1: [-0.82243268  2.11957548  0.08903482]
tag2: [1.05973224 0.34975334 0.08917211]
tag3: [1.78469545 1.67126771 0.09077863]
tag0: [ 1.67362552 -0.89856528  0.09191228]
tag1: [-0.82198584  2.11800627  0.08905363]
tag2: [1.05973224 0.34975334 0.08917211]
tag3: [1.78469545 1.67126771 0.09077863]
tag0: [ 1.67362552 -0.89856528  0.09191228]
tag1: [-0.82062424  2.11612493  0.08907448]
tag2: [1.05973224 0.34975334 0.08917211]
tag3: [1.78469545 1.67126771 0.09077863]
tag0: [ 1.67362552 -0.89856528  0.09191228]
tag1: [-0.81841496  2.11471407  0.08908956]
tag2: [1.05973224 0.34975334 0.08917211]
tag3: [1.78469545 1.67126771 0.09077863]
tag0: [ 1.67362552 -0.89856528  0.09191228]
tag1: [-0.81855714  2.11422737  0.08909117]
tag2: [1.05973224 0.34975334 0.08917211]
tag3: [1.78469545 1.67126771 0.09077863]
tag0: [ 1.67362552 -0.89856528  0.09191228]
tag1: [-0.81756775  2.11346255  0.08911001]
tag2: [1.05973224 0.34975334 0.08917211]
tag3: [1.78469545 1.67126771 0.09077863]
tag0: [ 1.67362552 -0.89856528  0.09191228]
tag1: [-0.81608789  2.11186445  0.08912762]
tag2: [1.05973224 0.34975334 0.08917211]
tag3: [1.78469545 1.67126771 0.09077863]
tag0: [ 1.67362552 -0.89856528  0.09191228]
tag1: [-0.81551757  2.1110005   0.08913681]
tag2: [1.05973224 0.34975334 0.08917211]
tag3: [1.78469545 1.67126771 0.09077863]
tag0: [ 1.67362552 -0.89856528  0.09191228]
tag1: [-0.81347268  2.10821123  0.08917536]
tag2: [1.05973224 0.34975334 0.08917211]
tag3: [1.78469545 1.67126771 0.09077863]
tag0: [ 1.67362552 -0.89856528  0.09191228]
tag1: [-0.81087053  2.10579082  0.0892301 ]
tag2: [1.05973224 0.34975334 0.08917211]
tag3: [1.78469545 1.67126771 0.09077863]
tag0: [ 1.67362552 -0.89856528  0.09191228]
tag1: [-0.80800067  2.10384219  0.0892469 ]
tag2: [1.05973224 0.34975334 0.08917211]
tag3: [1.78469545 1.67126771 0.09077863]
tag0: [ 1.67362552 -0.89856528  0.09191228]
tag1: [-0.80549441  2.10172051  0.08926241]
tag2: [1.05973224 0.34975334 0.08917211]
tag3: [1.78469545 1.67126771 0.09077863]
tag0: [ 1.67362552 -0.89856528  0.09191228]
tag1: [-0.80345011  2.10048533  0.08928758]
tag2: [1.05973224 0.34975334 0.08917211]
tag3: [1.78469545 1.67126771 0.09077863]
tag0: [ 1.67362552 -0.89856528  0.09191228]
tag1: [-0.79901924  2.09769448  0.08930211]
tag2: [1.05973224 0.34975334 0.08917211]
tag3: [1.78469545 1.67126771 0.09077863]
tag0: [ 1.67362552 -0.89856528  0.09191228]
tag1: [-0.79585955  2.09629914  0.08928802]
tag2: [1.05973224 0.34975334 0.08917211]
tag3: [1.78469545 1.67126771 0.09077863]
tag0: [ 1.67362552 -0.89856528  0.09191228]
tag1: [-0.7933588   2.09512192  0.08928665]
tag2: [1.05973224 0.34975334 0.08917211]
tag3: [1.78469545 1.67126771 0.09077863]
tag0: [ 1.67362552 -0.89856528  0.09191228]
tag1: [-0.79004794  2.0934367   0.08928371]
tag2: [1.05973224 0.34975334 0.08917211]
tag3: [1.78469545 1.67126771 0.09077863]
tag0: [ 1.67362552 -0.89856528  0.09191228]
tag1: [-0.78865166  2.09244375  0.08926542]
tag2: [1.05973224 0.34975334 0.08917211]
tag3: [1.78469545 1.67126771 0.09077863]
tag0: [ 1.67362552 -0.89856528  0.09191228]
tag1: [-0.78660895  2.09134138  0.08924954]
tag2: [1.05973224 0.34975334 0.08917211]
tag3: [1.78469545 1.67126771 0.09077863]
tag0: [ 1.67362552 -0.89856528  0.09191228]
tag1: [-0.7860001   2.09143356  0.0892565 ]
tag2: [1.05973224 0.34975334 0.08917211]
tag3: [1.78469545 1.67126771 0.09077863]
tag0: [ 1.67362552 -0.89856528  0.09191228]
tag1: [-0.78579202  2.09239534  0.089272  ]
tag2: [1.05973224 0.34975334 0.08917211]
tag3: [1.78469545 1.67126771 0.09077863]
tag0: [ 1.67362552 -0.89856528  0.09191228]
tag1: [-0.78532443  2.09240676  0.08926838]
tag2: [1.05973224 0.34975334 0.08917211]
tag3: [1.78469545 1.67126771 0.09077863]
tag0: [ 1.67362552 -0.89856528  0.09191228]
tag1: [-0.78461419  2.09310459  0.08926574]
tag2: [1.05973224 0.34975334 0.08917211]
tag3: [1.78469545 1.67126771 0.09077863]
tag0: [ 1.67362552 -0.89856528  0.09191228]
tag1: [-0.78369143  2.09310882  0.08924501]
tag2: [1.05973224 0.34975334 0.08917211]
tag3: [1.78469545 1.67126771 0.09077863]
tag0: [ 1.67362552 -0.89856528  0.09191228]
tag1: [-0.78290799  2.09364722  0.0892475 ]
tag2: [1.05973224 0.34975334 0.08917211]
tag3: [1.78469545 1.67126771 0.09077863]
tag0: [ 1.67362552 -0.89856528  0.09191228]
tag1: [-0.78273089  2.09424137  0.08922851]
tag2: [1.05973224 0.34975334 0.08917211]
tag3: [1.78469545 1.67126771 0.09077863]
tag0: [ 1.67362552 -0.89856528  0.09191228]
tag1: [-0.78182914  2.09435732  0.08921381]
tag2: [1.05973224 0.34975334 0.08917211]
tag3: [1.78469545 1.67126771 0.09077863]
tag0: [ 1.67362552 -0.89856528  0.09191228]
tag1: [-0.78253     2.09430506  0.08919317]
tag2: [1.05973224 0.34975334 0.08917211]
tag3: [1.78469545 1.67126771 0.09077863]
tag0: [ 1.67362552 -0.89856528  0.09191228]
tag1: [-0.78124723  2.09411722  0.0891777 ]
tag2: [1.05973224 0.34975334 0.08917211]
tag3: [1.78469545 1.67126771 0.09077863]
tag0: [ 1.67362552 -0.89856528  0.09191228]
tag1: [-0.77948702  2.09275228  0.08911649]
tag2: [1.05973224 0.34975334 0.08917211]
tag3: [1.78469545 1.67126771 0.09077863]
tag0: [ 1.67362552 -0.89856528  0.09191228]
tag1: [-0.77807003  2.09174365  0.08910184]
tag2: [1.05973224 0.34975334 0.08917211]
tag3: [1.78469545 1.67126771 0.09077863]
tag0: [ 1.67362552 -0.89856528  0.09191228]
tag1: [-0.77663856  2.0912659   0.08909875]
tag2: [1.05973224 0.34975334 0.08917211]
tag3: [1.78469545 1.67126771 0.09077863]
tag0: [ 1.67362552 -0.89856528  0.09191228]
tag1: [-0.77537045  2.09077318  0.08912318]
tag2: [1.05973224 0.34975334 0.08917211]
tag3: [1.78469545 1.67126771 0.09077863]
tag0: [ 1.67362552 -0.89856528  0.09191228]
tag1: [-0.77423243  2.09011808  0.08910022]
tag2: [1.05973224 0.34975334 0.08917211]
tag3: [1.78469545 1.67126771 0.09077863]
tag0: [ 1.67362552 -0.89856528  0.09191228]
tag1: [-0.77298233  2.08947781  0.08906938]
tag2: [1.05973224 0.34975334 0.08917211]
tag3: [1.78469545 1.67126771 0.09077863]
tag0: [ 1.67362552 -0.89856528  0.09191228]
tag1: [-0.77134102  2.08974702  0.08904977]
tag2: [1.05973224 0.34975334 0.08917211]
tag3: [1.78469545 1.67126771 0.09077863]
tag0: [ 1.67362552 -0.89856528  0.09191228]
tag1: [-0.76905382  2.08970037  0.08903432]
tag2: [1.05973224 0.34975334 0.08917211]
tag3: [1.78469545 1.67126771 0.09077863]
tag0: [ 1.67362552 -0.89856528  0.09191228]
tag1: [-0.76658025  2.08935837  0.08902738]
tag2: [1.05973224 0.34975334 0.08917211]
tag3: [1.78469545 1.67126771 0.09077863]
tag0: [ 1.67362552 -0.89856528  0.09191228]
tag1: [-0.76467171  2.08931719  0.08902878]
tag2: [1.05973224 0.34975334 0.08917211]
tag3: [1.78469545 1.67126771 0.09077863]
tag0: [ 1.67362552 -0.89856528  0.09191228]
tag1: [-0.76240606  2.08934409  0.08901423]
tag2: [1.05973224 0.34975334 0.08917211]
tag3: [1.78469545 1.67126771 0.09077863]
tag0: [ 1.67362552 -0.89856528  0.09191228]
tag1: [-0.76022106  2.08902223  0.0889867 ]
tag2: [1.05973224 0.34975334 0.08917211]
tag3: [1.78469545 1.67126771 0.09077863]
tag0: [ 1.67362552 -0.89856528  0.09191228]
tag1: [-0.75769245  2.08908779  0.08895699]
tag2: [1.05973224 0.34975334 0.08917211]
tag3: [1.78469545 1.67126771 0.09077863]
tag0: [ 1.67362552 -0.89856528  0.09191228]
tag1: [-0.75769245  2.08908779  0.08895699]
tag2: [0.86268513 0.20557397 0.0890941 ]
tag3: [1.78469545 1.67126771 0.09077863]
tag0: [ 1.67362552 -0.89856528  0.09191228]
tag1: [-0.75769245  2.08908779  0.08895699]
tag2: [0.66453527 0.05892105 0.08902533]
tag3: [1.78469545 1.67126771 0.09077863]
tag0: [ 1.67362552 -0.89856528  0.09191228]
tag1: [-0.75769245  2.08908779  0.08895699]
tag2: [ 0.46369578 -0.08805836  0.08898091]
tag3: [1.78469545 1.67126771 0.09077863]
tag0: [ 1.67362552 -0.89856528  0.09191228]
tag1: [-0.75769245  2.08908779  0.08895699]
tag2: [ 0.26164829 -0.23575603  0.08894481]
tag3: [1.78469545 1.67126771 0.09077863]
tag0: [ 1.67362552 -0.89856528  0.09191228]
tag1: [-0.75769245  2.08908779  0.08895699]
tag2: [ 0.05901726 -0.38619623  0.08889646]
tag3: [1.78469545 1.67126771 0.09077863]
tag0: [ 1.67362552 -0.89856528  0.09191228]
tag1: [-0.75769245  2.08908779  0.08895699]
tag2: [-0.14480096 -0.53769451  0.08885561]
tag3: [1.78469545 1.67126771 0.09077863]
tag0: [ 1.67362552 -0.89856528  0.09191228]
tag1: [-0.75769245  2.08908779  0.08895699]
tag2: [-0.34466462 -0.68827457  0.08864565]
tag3: [1.78469545 1.67126771 0.09077863]
tag0: [ 1.67362552 -0.89856528  0.09191228]
tag1: [-0.75769245  2.08908779  0.08895699]
tag2: [-0.54125992 -0.83627686  0.0885809 ]
tag3: [1.78469545 1.67126771 0.09077863]
tag0: [ 1.67362552 -0.89856528  0.09191228]
tag1: [-0.75769245  2.08908779  0.08895699]
tag2: [-0.73736096 -0.97870337  0.08852274]
tag3: [1.78469545 1.67126771 0.09077863]
tag0: [ 1.67362552 -0.89856528  0.09191228]
tag1: [-0.75769245  2.08908779  0.08895699]
tag2: [-0.73831082 -0.97854351  0.0885685 ]
tag3: [1.78469545 1.67126771 0.09077863]
tag0: [ 1.67362552 -0.89856528  0.09191228]
tag1: [-0.75769245  2.08908779  0.08895699]
tag2: [-0.73988856 -0.97817175  0.0885819 ]
tag3: [1.78469545 1.67126771 0.09077863]
tag0: [ 1.67362552 -0.89856528  0.09191228]
tag1: [-0.75769245  2.08908779  0.08895699]
tag2: [-0.74172271 -0.97885574  0.08862054]
tag3: [1.78469545 1.67126771 0.09077863]
tag0: [ 1.67362552 -0.89856528  0.09191228]
tag1: [-0.75769245  2.08908779  0.08895699]
tag2: [-0.74475732 -0.97978044  0.08862393]
tag3: [1.78469545 1.67126771 0.09077863]
tag0: [ 1.67362552 -0.89856528  0.09191228]
tag1: [-0.75769245  2.08908779  0.08895699]
tag2: [-0.74397739 -0.97847007  0.08864964]
tag3: [1.78469545 1.67126771 0.09077863]
tag0: [ 1.67362552 -0.89856528  0.09191228]
tag1: [-0.75769245  2.08908779  0.08895699]
tag2: [-0.74485257 -0.97834227  0.0886445 ]
tag3: [1.78469545 1.67126771 0.09077863]
tag0: [ 1.67362552 -0.89856528  0.09191228]
tag1: [-0.75769245  2.08908779  0.08895699]
tag2: [-0.74502595 -0.97778204  0.0886598 ]
tag3: [1.78469545 1.67126771 0.09077863]
tag0: [ 1.67362552 -0.89856528  0.09191228]
tag1: [-0.75769245  2.08908779  0.08895699]
tag2: [-0.74736851 -0.97857148  0.08868981]
tag3: [1.78469545 1.67126771 0.09077863]
tag0: [ 1.67362552 -0.89856528  0.09191228]
tag1: [-0.75769245  2.08908779  0.08895699]
tag2: [-0.74908842 -0.97886802  0.08868245]
tag3: [1.78469545 1.67126771 0.09077863]
tag0: [ 1.67362552 -0.89856528  0.09191228]
tag1: [-0.75769245  2.08908779  0.08895699]
tag2: [-0.75177326 -0.98036731  0.08869628]
tag3: [1.78469545 1.67126771 0.09077863]
tag0: [ 1.67362552 -0.89856528  0.09191228]
tag1: [-0.75769245  2.08908779  0.08895699]
tag2: [-0.75545026 -0.98257618  0.08872979]
tag3: [1.78469545 1.67126771 0.09077863]
tag0: [ 1.67362552 -0.89856528  0.09191228]
tag1: [-0.75769245  2.08908779  0.08895699]
tag2: [-0.75644402 -0.9831835   0.08873531]
tag3: [1.78469545 1.67126771 0.09077863]
tag0: [ 1.67362552 -0.89856528  0.09191228]
tag1: [-0.75769245  2.08908779  0.08895699]
tag2: [-0.75741736 -0.98378871  0.08875105]
tag3: [1.78469545 1.67126771 0.09077863]
tag0: [ 1.67362552 -0.89856528  0.09191228]
tag1: [-0.75769245  2.08908779  0.08895699]
tag2: [-0.76315801 -0.98723102  0.08874393]
tag3: [1.78469545 1.67126771 0.09077863]
tag0: [ 1.67362552 -0.89856528  0.09191228]
tag1: [-0.75769245  2.08908779  0.08895699]
tag2: [-0.76727223 -0.98982621  0.08876155]
tag3: [1.78469545 1.67126771 0.09077863]
tag0: [ 1.67362552 -0.89856528  0.09191228]
tag1: [-0.75769245  2.08908779  0.08895699]
tag2: [-0.77222534 -0.99288348  0.08876349]
tag3: [1.78469545 1.67126771 0.09077863]
tag0: [ 1.67362552 -0.89856528  0.09191228]
tag1: [-0.75769245  2.08908779  0.08895699]
tag2: [-0.77526172 -0.99518446  0.08877345]
tag3: [1.78469545 1.67126771 0.09077863]
tag0: [ 1.67362552 -0.89856528  0.09191228]
tag1: [-0.75769245  2.08908779  0.08895699]
tag2: [-0.78112212 -0.9985236   0.08877397]
tag3: [1.78469545 1.67126771 0.09077863]
tag0: [ 1.67362552 -0.89856528  0.09191228]
tag1: [-0.75769245  2.08908779  0.08895699]
tag2: [-0.78464962 -1.00082409  0.08874739]
tag3: [1.78469545 1.67126771 0.09077863]
tag0: [ 1.67362552 -0.89856528  0.09191228]
tag1: [-0.75769245  2.08908779  0.08895699]
tag2: [-0.78728835 -1.00242399  0.08872795]
tag3: [1.78469545 1.67126771 0.09077863]
tag0: [ 1.67362552 -0.89856528  0.09191228]
tag1: [-0.75769245  2.08908779  0.08895699]
tag2: [-0.79176423 -1.00463695  0.08871748]
tag3: [1.78469545 1.67126771 0.09077863]
tag0: [ 1.67362552 -0.89856528  0.09191228]
tag1: [-0.75769245  2.08908779  0.08895699]
tag2: [-0.79468457 -1.00636148  0.0887049 ]
tag3: [1.78469545 1.67126771 0.09077863]
tag0: [ 1.67362552 -0.89856528  0.09191228]
tag1: [-0.75769245  2.08908779  0.08895699]
tag2: [-0.79685773 -1.00771275  0.08871932]
tag3: [1.78469545 1.67126771 0.09077863]
tag0: [ 1.74227238 -0.84612941  0.09195522]
tag1: [-0.75769245  2.08908779  0.08895699]
tag2: [-0.79377438 -1.00640748  0.08872071]
tag3: [1.78469545 1.67126771 0.09077863]
tag0: [ 1.81101224 -0.79362491  0.0919517 ]
tag1: [-0.75769245  2.08908779  0.08895699]
tag2: [-0.79058446 -1.00544656  0.08871623]
tag3: [1.78469545 1.67126771 0.09077863]
tag0: [ 1.87565358 -0.74240414  0.0919444 ]
tag1: [-0.75769245  2.08908779  0.08895699]
tag2: [-0.7872007  -1.00445053  0.08869035]
tag3: [1.78469545 1.67126771 0.09077863]
tag0: [ 1.93784962 -0.68844108  0.09194002]
tag1: [-0.75769245  2.08908779  0.08895699]
tag2: [-0.78320931 -1.00362199  0.08869826]
tag3: [1.78469545 1.67126771 0.09077863]
tag0: [ 1.99752992 -0.6323319   0.09193614]
tag1: [-0.75769245  2.08908779  0.08895699]
tag2: [-0.77846252 -1.00173129  0.08870286]
tag3: [1.78469545 1.67126771 0.09077863]
tag0: [ 2.04343386 -0.56661238  0.09224713]
tag1: [-0.75769245  2.08908779  0.08895699]
tag2: [-0.77203207 -0.99884514  0.08868157]
tag3: [1.78469545 1.67126771 0.09077863]
tag0: [ 2.096498   -0.50542294  0.09225827]
tag1: [-0.75769245  2.08908779  0.08895699]
tag2: [-0.77203207 -0.99884514  0.08868157]
tag3: [1.78469545 1.67126771 0.09077863]
tag0: [ 2.14714752 -0.43609241  0.09226831]
tag1: [-0.75769245  2.08908779  0.08895699]
tag2: [-0.76398311 -0.99499359  0.08866672]
tag3: [1.78469545 1.67126771 0.09077863]
tag0: [ 2.19351313 -0.3623036   0.09227618]
tag1: [-0.75769245  2.08908779  0.08895699]
tag2: [-0.75503823 -0.99005491  0.08863944]
tag3: [1.78469545 1.67126771 0.09077863]
tag0: [ 2.1820593  -0.33124017  0.0922677 ]
tag1: [-0.75769245  2.08908779  0.08895699]
tag2: [-0.74234583 -0.98251415  0.08858824]
tag3: [1.78469545 1.67126771 0.09077863]
tag0: [ 2.17120746 -0.29232185  0.09237381]
tag1: [-0.75769245  2.08908779  0.08895699]
tag2: [-0.73275813 -0.97600358  0.08855165]
tag3: [1.78469545 1.67126771 0.09077863]
tag0: [ 2.16477284 -0.24818391  0.09249027]
tag1: [-0.75769245  2.08908779  0.08895699]
tag2: [-0.72088098 -0.9675674   0.08850645]
tag3: [1.78469545 1.67126771 0.09077863]
tag0: [ 2.16862714 -0.20256843  0.09265319]
tag1: [-0.75769245  2.08908779  0.08895699]
tag2: [-0.70714565 -0.95793197  0.08848114]
tag3: [1.78469545 1.67126771 0.09077863]
tag0: [ 2.1759708  -0.1630766   0.09283256]
tag1: [-0.75769245  2.08908779  0.08895699]
tag2: [-0.70714565 -0.95793197  0.08848114]
tag3: [1.78469545 1.67126771 0.09077863]
tag0: [ 2.18622572 -0.13106804  0.09291024]
tag1: [-0.75769245  2.08908779  0.08895699]
tag2: [-0.70714565 -0.95793197  0.08848114]
tag3: [1.78469545 1.67126771 0.09077863]
tag0: [ 2.20184904 -0.10267873  0.09287703]
tag1: [-0.75769245  2.08908779  0.08895699]
tag2: [-0.70714565 -0.95793197  0.08848114]
tag3: [1.78469545 1.67126771 0.09077863]
tag0: [ 2.21456046 -0.08461423  0.09290052]
tag1: [-0.75769245  2.08908779  0.08895699]
tag2: [-0.70714565 -0.95793197  0.08848114]
tag3: [1.78469545 1.67126771 0.09077863]
tag0: [ 2.22916099 -0.07413266  0.09290563]
tag1: [-0.75769245  2.08908779  0.08895699]
tag2: [-0.70714565 -0.95793197  0.08848114]
tag3: [1.78469545 1.67126771 0.09077863]
tag0: [ 2.24034057 -0.07386515  0.09286307]
tag1: [-0.75769245  2.08908779  0.08895699]
tag2: [-0.70714565 -0.95793197  0.08848114]
tag3: [1.78469545 1.67126771 0.09077863]
tag0: [ 2.24867102 -0.0826875   0.09275809]
tag1: [-0.75769245  2.08908779  0.08895699]
tag2: [-0.70714565 -0.95793197  0.08848114]
tag3: [1.78469545 1.67126771 0.09077863]
tag0: [ 2.25460005 -0.09852176  0.09264143]
tag1: [-0.75769245  2.08908779  0.08895699]
tag2: [-0.70714565 -0.95793197  0.08848114]
tag3: [1.78469545 1.67126771 0.09077863]
tag0: [ 2.25115154 -0.1172308   0.09247592]
tag1: [-0.75769245  2.08908779  0.08895699]
tag2: [-0.70714565 -0.95793197  0.08848114]
tag3: [1.78469545 1.67126771 0.09077863]
tag0: [ 2.2453997  -0.13042474  0.09229361]
tag1: [-0.75769245  2.08908779  0.08895699]
tag2: [-0.70714565 -0.95793197  0.08848114]
tag3: [1.78469545 1.67126771 0.09077863]
tag0: [ 2.2392278  -0.12368678  0.09221029]
tag1: [-0.75769245  2.08908779  0.08895699]
tag2: [-0.70714565 -0.95793197  0.08848114]
tag3: [1.78469545 1.67126771 0.09077863]
tag0: [ 2.22977105 -0.10108658  0.09224013]
tag1: [-0.75769245  2.08908779  0.08895699]
tag2: [-0.70714565 -0.95793197  0.08848114]
tag3: [1.78469545 1.67126771 0.09077863]
tag0: [ 2.22276949 -0.07326765  0.09221564]
tag1: [-0.75769245  2.08908779  0.08895699]
tag2: [-0.70714565 -0.95793197  0.08848114]
tag3: [1.78469545 1.67126771 0.09077863]
tag0: [ 2.21576863 -0.04167021  0.09221028]
tag1: [-0.75769245  2.08908779  0.08895699]
tag2: [-0.70714565 -0.95793197  0.08848114]
tag3: [1.78469545 1.67126771 0.09077863]
tag0: [ 2.2101468  -0.00878646  0.09220301]
tag1: [-0.75769245  2.08908779  0.08895699]
tag2: [-0.70714565 -0.95793197  0.08848114]
tag3: [1.78469545 1.67126771 0.09077863]
tag0: [2.20551105 0.0243121  0.09219487]
tag1: [-0.75769245  2.08908779  0.08895699]
tag2: [-0.70714565 -0.95793197  0.08848114]
tag3: [1.78469545 1.67126771 0.09077863]
tag0: [2.2020523  0.05971864 0.09218608]
tag1: [-0.75769245  2.08908779  0.08895699]
tag2: [-0.70714565 -0.95793197  0.08848114]
tag3: [1.78469545 1.67126771 0.09077863]
tag0: [2.19968456 0.10808687 0.09218078]
tag1: [-0.75769245  2.08908779  0.08895699]
tag2: [-0.70714565 -0.95793197  0.08848114]
tag3: [1.78469545 1.67126771 0.09077863]
tag0: [2.19723741 0.14740636 0.09217349]
tag1: [-0.75769245  2.08908779  0.08895699]
tag2: [-0.70714565 -0.95793197  0.08848114]
tag3: [1.78469545 1.67126771 0.09077863]
tag0: [2.19396853 0.17501309 0.09216996]
tag1: [-0.75769245  2.08908779  0.08895699]
tag2: [-0.70714565 -0.95793197  0.08848114]
tag3: [1.78469545 1.67126771 0.09077863]
tag0: [2.19110419 0.19117243 0.09216854]
tag1: [-0.75769245  2.08908779  0.08895699]
tag2: [-0.70714565 -0.95793197  0.08848114]
tag3: [1.78469545 1.67126771 0.09077863]
tag0: [2.18935588 0.20116837 0.09216781]
tag1: [-0.75769245  2.08908779  0.08895699]
tag2: [-0.70714565 -0.95793197  0.08848114]
tag3: [1.78469545 1.67126771 0.09077863]
tag0: [2.18912197 0.20884064 0.09216711]
tag1: [-0.75769245  2.08908779  0.08895699]
tag2: [-0.70714565 -0.95793197  0.08848114]
tag3: [1.78469545 1.67126771 0.09077863]
tag0: [2.19031325 0.2132704  0.09216475]
tag1: [-0.75769245  2.08908779  0.08895699]
tag2: [-0.70714565 -0.95793197  0.08848114]
tag3: [1.78469545 1.67126771 0.09077863]
tag0: [2.19339785 0.22428882 0.09215945]
tag1: [-0.75769245  2.08908779  0.08895699]
tag2: [-0.70714565 -0.95793197  0.08848114]
tag3: [1.78469545 1.67126771 0.09077863]
tag0: [2.19820416 0.23646571 0.09215481]
tag1: [-0.75769245  2.08908779  0.08895699]
tag2: [-0.70714565 -0.95793197  0.08848114]
tag3: [1.78469545 1.67126771 0.09077863]
tag0: [2.20398669 0.23675633 0.09214912]
tag1: [-0.75769245  2.08908779  0.08895699]
tag2: [-0.70714565 -0.95793197  0.08848114]
tag3: [1.78469545 1.67126771 0.09077863]
tag0: [2.21215383 0.24854812 0.0921453 ]
tag1: [-0.75769245  2.08908779  0.08895699]
tag2: [-0.70714565 -0.95793197  0.08848114]
tag3: [1.78469545 1.67126771 0.09077863]
tag0: [2.22203566 0.26275223 0.09214054]
tag1: [-0.75769245  2.08908779  0.08895699]
tag2: [-0.70714565 -0.95793197  0.08848114]
tag3: [1.78469545 1.67126771 0.09077863]
tag0: [2.23318559 0.2816547  0.09213314]
tag1: [-0.75769245  2.08908779  0.08895699]
tag2: [-0.70714565 -0.95793197  0.08848114]
tag3: [1.78469545 1.67126771 0.09077863]
tag0: [2.24539137 0.30006532 0.09212166]
tag1: [-0.75769245  2.08908779  0.08895699]
tag2: [-0.70714565 -0.95793197  0.08848114]
tag3: [1.78469545 1.67126771 0.09077863]
tag0: [2.25908589 0.31817745 0.09211206]
tag1: [-0.75769245  2.08908779  0.08895699]
tag2: [-0.70714565 -0.95793197  0.08848114]
tag3: [1.78469545 1.67126771 0.09077863]
tag0: [2.27353735 0.33793439 0.09210619]
tag1: [-0.75769245  2.08908779  0.08895699]
tag2: [-0.70714565 -0.95793197  0.08848114]
tag3: [1.78469545 1.67126771 0.09077863]
tag0: [2.28975248 0.34900929 0.0920948 ]
tag1: [-0.75769245  2.08908779  0.08895699]
tag2: [-0.70714565 -0.95793197  0.08848114]
tag3: [1.78469545 1.67126771 0.09077863]
tag0: [2.29050062 0.35780266 0.09244302]
tag1: [-0.75769245  2.08908779  0.08895699]
tag2: [-0.70714565 -0.95793197  0.08848114]
tag3: [1.78469545 1.67126771 0.09077863]
tag0: [2.29243733 0.36269723 0.09279377]
tag1: [-0.75769245  2.08908779  0.08895699]
tag2: [-0.70714565 -0.95793197  0.08848114]
tag3: [1.78469545 1.67126771 0.09077863]
tag0: [2.29516865 0.36199384 0.09316333]
tag1: [-0.75769245  2.08908779  0.08895699]
tag2: [-0.70714565 -0.95793197  0.08848114]
tag3: [1.78469545 1.67126771 0.09077863]
tag0: [2.28277928 0.35678434 0.09314188]
tag1: [-0.75769245  2.08908779  0.08895699]
tag2: [-0.70714565 -0.95793197  0.08848114]
tag3: [1.78469545 1.67126771 0.09077863]
tag0: [2.27239187 0.3449162  0.09313813]
tag1: [-0.75769245  2.08908779  0.08895699]
tag2: [-0.70714565 -0.95793197  0.08848114]
tag3: [1.78469545 1.67126771 0.09077863]
tag0: [2.26122341 0.33720718 0.09308294]
tag1: [-0.75769245  2.08908779  0.08895699]
tag2: [-0.70714565 -0.95793197  0.08848114]
tag3: [1.78469545 1.67126771 0.09077863]
tag0: [2.2541344  0.33544848 0.09307498]
tag1: [-0.75769245  2.08908779  0.08895699]
tag2: [-0.70714565 -0.95793197  0.08848114]
tag3: [1.78469545 1.67126771 0.09077863]
tag0: [2.24961327 0.33263415 0.09307247]
tag1: [-0.75769245  2.08908779  0.08895699]
tag2: [-0.70714565 -0.95793197  0.08848114]
tag3: [1.78469545 1.67126771 0.09077863]
tag0: [2.24599838 0.32770342 0.09311157]
tag1: [-0.75769245  2.08908779  0.08895699]
tag2: [-0.70714565 -0.95793197  0.08848114]
tag3: [1.78469545 1.67126771 0.09077863]
tag0: [2.26113022 0.31514992 0.0927926 ]
tag1: [-0.75769245  2.08908779  0.08895699]
tag2: [-0.70714565 -0.95793197  0.08848114]
tag3: [1.78469545 1.67126771 0.09077863]
