1.300 -0.500 -0.000 
1.300 -0.500 -0.000 
1.300 -0.500 -0.000 
1.300 -0.500 -0.000 
1.300 -0.500 -0.000 
1.300 -0.500 -0.000 
1.300 -0.500 -0.000 
1.300 -0.500 -0.000 
1.300 -0.500 -0.000 
1.300 -0.500 -0.000 
1.300 -0.500 -0.000 
1.300 -0.500 -0.000 
1.300 -0.500 -0.000 
1.300 -0.500 -0.000 
1.300 -0.500 -0.000 
1.300 -0.500 -0.000 
1.300 -0.500 -0.000 
1.300 -0.500 -0.000 
1.300 -0.500 -0.000 
1.300 -0.500 -0.000 
1.300 -0.500 -0.000 
1.300 -0.500 -0.000 
1.300 -0.500 -0.000 
1.300 -0.500 -0.000 
1.300 -0.500 -0.000 
1.300 -0.500 -0.000 
1.300 -0.500 -0.000 
1.300 -0.500 -0.000 
1.300 -0.500 -0.000 
1.300 -0.500 -0.000 
1.300 -0.500 -0.000 
1.300 -0.500 -0.000 
1.300 -0.500 -0.000 
1.300 -0.500 -0.000 
1.300 -0.500 -0.000 
1.300 -0.500 -0.000 
1.300 -0.500 -0.000 
1.300 -0.500 -0.000 
1.300 -0.500 -0.000 
1.300 -0.500 -0.000 
1.300 -0.500 -0.000 
1.300 -0.500 -0.000 
1.300 -0.500 -0.000 
1.300 -0.500 -0.000 
1.300 -0.500 -0.000 
1.300 -0.500 -0.000 
1.300 -0.500 -0.000 
1.300 -0.500 -0.000 
1.300 -0.500 -0.000 
1.300 -0.500 -0.000 
1.300 -0.500 -0.000 
1.300 -0.500 -0.000 
1.300 -0.500 -0.000 
1.300 -0.500 -0.000 
1.300 -0.500 -0.000 
1.300 -0.500 -0.000 
1.300 -0.500 -0.000 
1.300 -0.500 -0.000 
1.300 -0.500 -0.000 
1.300 -0.500 -0.000 
1.300 -0.500 -0.000 
1.300 -0.500 -0.000 
1.300 -0.500 -0.000 
1.300 -0.500 -0.000 
1.300 -0.500 -0.000 
1.300 -0.500 -0.000 
1.300 -0.500 -0.000 
1.300 -0.500 -0.000 
1.300 -0.500 -0.000 
1.300 -0.500 -0.000 
1.300 -0.500 -0.000 
1.300 -0.500 -0.000 
1.300 -0.500 -0.000 
1.300 -0.500 -0.000 
1.300 -0.500 -0.000 
1.300 -0.500 -0.000 
1.300 -0.500 -0.000 
1.300 -0.500 -0.000 
1.300 -0.500 -0.000 
1.300 -0.500 -0.000 
1.300 -0.500 -0.000 
1.300 -0.500 -0.000 
1.300 -0.500 -0.000 
1.300 -0.500 -0.000 
1.300 -0.500 -0.000 
1.300 -0.500 -0.000 
1.300 -0.500 -0.000 
1.300 -0.500 -0.000 
1.300 -0.500 -0.000 
1.300 -0.500 -0.000 
1.300 -0.500 -0.000 
1.300 -0.500 -0.000 
1.300 -0.500 -0.000 
1.300 -0.500 -0.000 
1.300 -0.500 -0.000 
1.300 -0.500 -0.000 
1.300 -0.500 -0.000 
1.300 -0.500 -0.000 
1.300 -0.500 -0.000 
1.300 -0.500 -0.000 
1.300 -0.500 -0.000 
1.300 -0.500 -0.000 
1.300 -0.500 -0.000 
1.300 -0.500 -0.000 
1.300 -0.500 -0.000 
1.300 -0.500 -0.000 
1.300 -0.500 -0.000 
1.300 -0.500 -0.000 
1.300 -0.500 -0.000 
1.300 -0.500 -0.000 
1.300 -0.500 -0.000 
1.300 -0.500 -0.000 
1.300 -0.500 -0.000 
1.300 -0.500 -0.000 
1.300 -0.500 -0.000 
1.300 -0.500 -0.000 
1.300 -0.500 -0.000 
1.300 -0.500 -0.000 
1.300 -0.500 -0.000 
1.300 -0.500 -0.000 
1.300 -0.500 -0.000 
1.300 -0.500 -0.000 
1.300 -0.500 -0.000 
1.299 -0.500 0.000 
1.298 -0.500 0.000 
1.296 -0.500 0.000 
1.292 -0.500 0.000 
1.288 -0.500 0.000 
1.283 -0.500 -0.000 
1.277 -0.500 -0.000 
1.271 -0.500 -0.000 
1.265 -0.500 -0.000 
1.258 -0.500 -0.000 
1.251 -0.500 -0.000 
1.244 -0.500 -0.000 
1.237 -0.500 -0.000 
1.230 -0.500 -0.000 
1.223 -0.500 -0.004 
1.215 -0.500 -0.010 
1.208 -0.500 -0.016 
1.201 -0.500 -0.021 
1.193 -0.500 -0.027 
1.186 -0.499 -0.033 
1.179 -0.499 -0.039 
1.171 -0.499 -0.045 
1.164 -0.498 -0.051 
1.157 -0.498 -0.054 
1.150 -0.498 -0.052 
1.142 -0.497 -0.050 
1.135 -0.497 -0.046 
1.128 -0.497 -0.043 
1.120 -0.496 -0.040 
1.113 -0.496 -0.037 
1.106 -0.496 -0.040 
1.098 -0.495 -0.044 
1.091 -0.495 -0.049 
1.084 -0.495 -0.050 
1.076 -0.494 -0.051 
1.069 -0.494 -0.055 
1.062 -0.494 -0.059 
1.055 -0.493 -0.063 
1.048 -0.493 -0.065 
1.040 -0.492 -0.067 
1.033 -0.492 -0.072 
1.026 -0.491 -0.075 
1.019 -0.491 -0.074 
1.011 -0.490 -0.069 
1.004 -0.490 -0.070 
0.997 -0.489 -0.073 
0.989 -0.488 -0.076 
0.982 -0.488 -0.078 
0.975 -0.487 -0.075 
0.967 -0.487 -0.070 
0.960 -0.486 -0.065 
0.953 -0.486 -0.060 
0.946 -0.485 -0.056 
0.939 -0.485 -0.054 
0.932 -0.485 -0.054 
0.924 -0.484 -0.055 
0.917 -0.484 -0.057 
0.910 -0.483 -0.060 
0.902 -0.483 -0.062 
0.895 -0.483 -0.064 
0.888 -0.482 -0.065 
0.880 -0.482 -0.067 
0.873 -0.481 -0.068 
0.866 -0.481 -0.070 
0.858 -0.480 -0.071 
0.851 -0.480 -0.071 
0.844 -0.479 -0.071 
0.837 -0.479 -0.074 
0.830 -0.478 -0.080 
0.823 -0.477 -0.088 
0.815 -0.477 -0.097 
0.808 -0.476 -0.105 
0.801 -0.475 -0.113 
0.793 -0.474 -0.120 
0.786 -0.473 -0.126 
0.779 -0.473 -0.129 
0.772 -0.472 -0.132 
0.765 -0.471 -0.135 
0.758 -0.470 -0.137 
0.750 -0.469 -0.139 
0.743 -0.468 -0.141 
0.736 -0.467 -0.144 
0.729 -0.466 -0.149 
0.722 -0.464 -0.153 
0.715 -0.463 -0.155 
0.707 -0.462 -0.157 
0.700 -0.461 -0.166 
0.693 -0.460 -0.178 
0.686 -0.458 -0.189 
0.679 -0.457 -0.200 
0.671 -0.456 -0.209 
0.664 -0.454 -0.214 
0.657 -0.452 -0.217 
0.650 -0.451 -0.221 
0.643 -0.449 -0.228 
0.636 -0.448 -0.235 
0.629 -0.446 -0.236 
0.622 -0.444 -0.234 
0.615 -0.443 -0.232 
0.608 -0.441 -0.235 
0.601 -0.439 -0.239 
0.594 -0.437 -0.242 
0.587 -0.436 -0.246 
0.579 -0.434 -0.248 
0.572 -0.432 -0.251 
0.566 -0.430 -0.253 
0.559 -0.429 -0.255 
0.552 -0.427 -0.256 
0.545 -0.425 -0.258 
0.539 -0.423 -0.259 
0.532 -0.422 -0.261 
0.525 -0.420 -0.266 
0.518 -0.418 -0.274 
0.511 -0.416 -0.281 
0.504 -0.414 -0.288 
0.497 -0.412 -0.295 
0.491 -0.410 -0.301 
0.484 -0.408 -0.306 
0.477 -0.405 -0.311 
0.471 -0.403 -0.310 
0.464 -0.401 -0.308 
0.457 -0.399 -0.307 
0.450 -0.397 -0.308 
0.443 -0.395 -0.309 
0.436 -0.392 -0.310 
0.429 -0.390 -0.310 
0.422 -0.388 -0.310 
0.415 -0.386 -0.310 
0.408 -0.383 -0.310 
0.402 -0.381 -0.309 
0.394 -0.379 -0.308 
0.388 -0.377 -0.306 
0.381 -0.375 -0.297 
0.374 -0.373 -0.285 
0.367 -0.371 -0.271 
0.361 -0.369 -0.252 
0.354 -0.367 -0.231 
0.347 -0.366 -0.209 
0.340 -0.364 -0.185 
0.333 -0.363 -0.160 
0.326 -0.362 -0.134 
0.320 -0.361 -0.110 
0.313 -0.360 -0.083 
0.306 -0.360 -0.053 
0.298 -0.360 -0.021 
0.291 -0.360 0.012 
0.284 -0.360 0.044 
0.276 -0.360 0.069 
0.269 -0.361 0.092 
0.262 -0.362 0.116 
0.255 -0.362 0.135 
0.247 -0.364 0.149 
0.240 -0.365 0.162 
0.233 -0.366 0.177 
0.226 -0.367 0.194 
0.219 -0.369 0.204 
0.212 -0.370 0.211 
0.205 -0.372 0.218 
0.199 -0.373 0.225 
0.192 -0.375 0.235 
0.185 -0.376 0.247 
0.178 -0.378 0.258 
0.171 -0.380 0.264 
0.164 -0.382 0.264 
0.157 -0.384 0.264 
0.150 -0.386 0.266 
0.143 -0.388 0.272 
0.137 -0.389 0.281 
0.130 -0.391 0.286 
0.123 -0.393 0.287 
0.116 -0.395 0.289 
0.110 -0.397 0.289 
0.103 -0.399 0.291 
0.096 -0.401 0.295 
0.089 -0.404 0.293 
0.082 -0.406 0.286 
0.075 -0.408 0.280 
0.069 -0.410 0.276 
0.062 -0.411 0.269 
0.055 -0.413 0.263 
0.049 -0.415 0.256 
0.042 -0.417 0.250 
0.036 -0.418 0.243 
0.029 -0.420 0.233 
0.023 -0.421 0.220 
0.016 -0.423 0.207 
0.009 -0.424 0.192 
0.003 -0.425 0.177 
-0.004 -0.427 0.160 
-0.012 -0.428 0.144 
-0.019 -0.429 0.128 
-0.026 -0.430 0.113 
-0.033 -0.430 0.098 
-0.040 -0.431 0.083 
-0.047 -0.432 0.070 
-0.053 -0.432 0.058 
-0.060 -0.432 0.047 
-0.067 -0.433 0.037 
-0.075 -0.433 0.028 
-0.082 -0.433 0.020 
-0.089 -0.433 0.007 
-0.097 -0.433 -0.008 
-0.104 -0.433 -0.024 
-0.111 -0.433 -0.039 
-0.119 -0.433 -0.054 
-0.126 -0.432 -0.069 
-0.133 -0.432 -0.085 
-0.140 -0.431 -0.100 
-0.148 -0.430 -0.114 
-0.155 -0.429 -0.128 
-0.162 -0.428 -0.145 
-0.169 -0.427 -0.162 
-0.176 -0.426 -0.179 
-0.183 -0.425 -0.191 
-0.190 -0.423 -0.201 
-0.197 -0.422 -0.209 
-0.204 -0.420 -0.217 
-0.211 -0.419 -0.225 
-0.217 -0.417 -0.234 
-0.224 -0.416 -0.241 
-0.231 -0.414 -0.246 
-0.237 -0.412 -0.250 
-0.244 -0.411 -0.255 
-0.251 -0.409 -0.264 
-0.257 -0.407 -0.271 
-0.264 -0.405 -0.279 
-0.270 -0.403 -0.290 
-0.277 -0.401 -0.299 
-0.284 -0.399 -0.306 
-0.291 -0.397 -0.312 
-0.297 -0.395 -0.315 
-0.303 -0.393 -0.318 
-0.310 -0.391 -0.323 
-0.316 -0.389 -0.326 
-0.322 -0.387 -0.330 
-0.329 -0.384 -0.334 
-0.335 -0.382 -0.335 
-0.341 -0.380 -0.334 
-0.349 -0.377 -0.335 
-0.355 -0.375 -0.342 
-0.362 -0.373 -0.352 
-0.369 -0.370 -0.361 
-0.376 -0.367 -0.366 
-0.383 -0.365 -0.369 
-0.390 -0.362 -0.372 
-0.396 -0.360 -0.372 
-0.402 -0.357 -0.374 
-0.409 -0.355 -0.376 
-0.415 -0.352 -0.375 
-0.422 -0.350 -0.374 
-0.428 -0.347 -0.375 
-0.435 -0.344 -0.373 
-0.441 -0.342 -0.370 
-0.448 -0.339 -0.369 
-0.455 -0.337 -0.373 
-0.462 -0.334 -0.380 
-0.468 -0.331 -0.387 
-0.475 -0.328 -0.396 
-0.482 -0.326 -0.405 
-0.489 -0.323 -0.414 
-0.495 -0.320 -0.423 
-0.502 -0.317 -0.432 
-0.508 -0.314 -0.441 
-0.515 -0.311 -0.452 
-0.521 -0.308 -0.463 
-0.528 -0.304 -0.475 
-0.534 -0.301 -0.487 
-0.540 -0.297 -0.502 
-0.547 -0.294 -0.517 
-0.553 -0.290 -0.522 
-0.559 -0.287 -0.527 
-0.566 -0.283 -0.535 
-0.572 -0.279 -0.542 
-0.578 -0.276 -0.548 
-0.584 -0.272 -0.554 
-0.590 -0.268 -0.561 
-0.596 -0.264 -0.572 
-0.602 -0.260 -0.585 
-0.608 -0.256 -0.598 
-0.614 -0.252 -0.610 
-0.619 -0.248 -0.623 
-0.624 -0.245 -0.634 
-0.629 -0.241 -0.645 
-0.635 -0.237 -0.657 
-0.639 -0.233 -0.668 
-0.644 -0.230 -0.677 
-0.648 -0.226 -0.688 
-0.653 -0.222 -0.693 
-0.658 -0.218 -0.692 
-0.663 -0.214 -0.692 
-0.668 -0.210 -0.695 
-0.673 -0.206 -0.699 
-0.677 -0.202 -0.701 
-0.681 -0.199 -0.698 
-0.685 -0.195 -0.695 
-0.689 -0.192 -0.701 
-0.694 -0.188 -0.713 
-0.698 -0.184 -0.723 
-0.703 -0.180 -0.735 
-0.708 -0.176 -0.746 
-0.713 -0.171 -0.754 
-0.718 -0.166 -0.761 
-0.723 -0.161 -0.768 
-0.727 -0.157 -0.775 
-0.732 -0.152 -0.784 
-0.737 -0.147 -0.793 
-0.742 -0.143 -0.796 
-0.746 -0.138 -0.795 
-0.751 -0.133 -0.793 
-0.755 -0.129 -0.786 
-0.758 -0.126 -0.773 
-0.761 -0.123 -0.757 
-0.764 -0.120 -0.738 
-0.767 -0.118 -0.719 
-0.770 -0.115 -0.699 
-0.773 -0.112 -0.681 
-0.777 -0.110 -0.658 
-0.780 -0.107 -0.632 
-0.783 -0.105 -0.605 
-0.787 -0.102 -0.578 
-0.790 -0.100 -0.552 
-0.794 -0.098 -0.532 
-0.797 -0.096 -0.519 
-0.800 -0.095 -0.510 
-0.802 -0.093 -0.498 
-0.805 -0.092 -0.480 
-0.808 -0.090 -0.459 
-0.811 -0.089 -0.440 
-0.814 -0.087 -0.425 
-0.816 -0.086 -0.414 
-0.818 -0.086 -0.405 
-0.820 -0.085 -0.397 
-0.821 -0.084 -0.392 
-0.821 -0.084 -0.389 
-0.821 -0.084 -0.382 
-0.822 -0.084 -0.375 
-0.823 -0.084 -0.372 
-0.824 -0.083 -0.370 
-0.826 -0.083 -0.371 
-0.827 -0.082 -0.374 
-0.830 -0.081 -0.380 
-0.832 -0.080 -0.386 
-0.834 -0.079 -0.392 
-0.836 -0.078 -0.394 
-0.839 -0.077 -0.390 
-0.842 -0.076 -0.380 
-0.845 -0.075 -0.365 
-0.849 -0.073 -0.350 
-0.852 -0.072 -0.340 
-0.856 -0.071 -0.335 
-0.858 -0.070 -0.332 
-0.857 -0.070 -0.332 
-0.857 -0.070 -0.330 
-0.856 -0.071 -0.332 
-0.856 -0.071 -0.332 
-0.856 -0.071 -0.329 
-0.857 -0.071 -0.324 
-0.857 -0.070 -0.321 
-0.857 -0.070 -0.321 
-0.857 -0.070 -0.321 
-0.857 -0.070 -0.321 
-0.857 -0.070 -0.321 
-0.857 -0.070 -0.321 
-0.857 -0.070 -0.321 
-0.857 -0.070 -0.321 
-0.857 -0.070 -0.321 
-0.857 -0.070 -0.323 
-0.857 -0.070 -0.324 
-0.857 -0.070 -0.324 
-0.857 -0.070 -0.324 
-0.857 -0.070 -0.324 
-0.857 -0.070 -0.324 
-0.857 -0.070 -0.324 
-0.857 -0.070 -0.323 
-0.857 -0.070 -0.323 
-0.857 -0.070 -0.323 
-0.857 -0.070 -0.323 
-0.857 -0.070 -0.323 
-0.857 -0.070 -0.323 
-0.857 -0.070 -0.323 
-0.857 -0.070 -0.323 
-0.857 -0.070 -0.324 
-0.857 -0.070 -0.324 
-0.857 -0.070 -0.324 
-0.857 -0.070 -0.324 
-0.857 -0.070 -0.324 
-0.857 -0.070 -0.324 
-0.857 -0.070 -0.324 
-0.857 -0.070 -0.324 
-0.857 -0.070 -0.323 
-0.857 -0.070 -0.323 
-0.857 -0.070 -0.323 
-0.857 -0.070 -0.323 
-0.857 -0.070 -0.323 
-0.857 -0.070 -0.323 
-0.857 -0.070 -0.324 
-0.857 -0.070 -0.324 
-0.857 -0.070 -0.324 
-0.857 -0.070 -0.324 
-0.857 -0.070 -0.324 
-0.857 -0.070 -0.324 
-0.857 -0.070 -0.324 
-0.857 -0.070 -0.324 
-0.857 -0.070 -0.324 
-0.857 -0.070 -0.324 
-0.857 -0.070 -0.323 
-0.857 -0.070 -0.323 
-0.857 -0.070 -0.323 
-0.857 -0.070 -0.323 
-0.857 -0.070 -0.323 
-0.857 -0.070 -0.323 
-0.857 -0.070 -0.323 
-0.857 -0.070 -0.323 
-0.857 -0.070 -0.323 
-0.857 -0.070 -0.323 
-0.857 -0.070 -0.323 
-0.857 -0.070 -0.323 
-0.857 -0.070 -0.323 
-0.857 -0.070 -0.323 
-0.857 -0.070 -0.323 
-0.857 -0.070 -0.323 
-0.857 -0.070 -0.323 
-0.857 -0.070 -0.323 
-0.857 -0.070 -0.323 
-0.857 -0.070 -0.323 
-0.857 -0.070 -0.323 
-0.857 -0.070 -0.323 
-0.857 -0.070 -0.323 
-0.857 -0.070 -0.323 
-0.857 -0.070 -0.322 
-0.857 -0.070 -0.322 
-0.857 -0.070 -0.322 
-0.857 -0.070 -0.322 
-0.857 -0.070 -0.323 
-0.857 -0.070 -0.323 
-0.857 -0.070 -0.323 
-0.857 -0.070 -0.324 
-0.857 -0.070 -0.324 
-0.857 -0.070 -0.324 
-0.857 -0.070 -0.324 
-0.857 -0.070 -0.324 
-0.857 -0.070 -0.323 
-0.857 -0.070 -0.323 
-0.857 -0.070 -0.322 
-0.857 -0.070 -0.322 
-0.857 -0.070 -0.322 
-0.857 -0.070 -0.322 
-0.857 -0.070 -0.322 
-0.857 -0.070 -0.322 
-0.857 -0.070 -0.324 
-0.857 -0.070 -0.324 
-0.857 -0.070 -0.324 
-0.857 -0.070 -0.324 
-0.857 -0.070 -0.324 
-0.857 -0.070 -0.324 
-0.857 -0.070 -0.324 
-0.857 -0.070 -0.324 
-0.857 -0.070 -0.322 
-0.857 -0.070 -0.322 
-0.857 -0.070 -0.322 
-0.857 -0.070 -0.322 
-0.857 -0.070 -0.322 
-0.857 -0.070 -0.322 
-0.857 -0.070 -0.322 
-0.857 -0.070 -0.323 
-0.857 -0.070 -0.323 
-0.857 -0.070 -0.323 
-0.857 -0.070 -0.323 
-0.857 -0.070 -0.323 
-0.857 -0.070 -0.323 
-0.857 -0.070 -0.323 
-0.857 -0.070 -0.323 
-0.857 -0.070 -0.323 
-0.857 -0.070 -0.322 
-0.857 -0.070 -0.322 
-0.857 -0.070 -0.322 
-0.857 -0.070 -0.322 
-0.857 -0.070 -0.322 
-0.857 -0.070 -0.322 
-0.857 -0.070 -0.322 
-0.857 -0.070 -0.322 
-0.857 -0.070 -0.322 
-0.857 -0.070 -0.322 
-0.857 -0.070 -0.322 
-0.857 -0.070 -0.322 
-0.857 -0.070 -0.322 
-0.857 -0.070 -0.322 
-0.857 -0.070 -0.322 
-0.857 -0.070 -0.322 
-0.857 -0.070 -0.322 
-0.857 -0.070 -0.322 
-0.857 -0.070 -0.322 
-0.857 -0.070 -0.322 
-0.857 -0.070 -0.322 
-0.857 -0.070 -0.322 
-0.857 -0.070 -0.322 
-0.857 -0.070 -0.322 
-0.857 -0.070 -0.322 
-0.857 -0.070 -0.322 
-0.857 -0.070 -0.322 
-0.857 -0.070 -0.322 
-0.857 -0.070 -0.322 
-0.857 -0.070 -0.322 
-0.857 -0.070 -0.322 
-0.857 -0.070 -0.323 
-0.857 -0.070 -0.324 
-0.857 -0.070 -0.324 
-0.857 -0.070 -0.324 
-0.857 -0.070 -0.323 
-0.857 -0.070 -0.321 
-0.857 -0.070 -0.320 
-0.857 -0.070 -0.320 
-0.857 -0.070 -0.320 
-0.857 -0.070 -0.320 
-0.857 -0.070 -0.320 
-0.857 -0.070 -0.320 
-0.857 -0.070 -0.320 
-0.857 -0.070 -0.320 
-0.857 -0.070 -0.321 
-0.857 -0.070 -0.322 
-0.857 -0.070 -0.323 
-0.857 -0.070 -0.323 
-0.857 -0.070 -0.323 
-0.857 -0.070 -0.323 
-0.857 -0.070 -0.323 
-0.857 -0.070 -0.322 
-0.857 -0.070 -0.322 
-0.857 -0.070 -0.321 
-0.857 -0.070 -0.321 
-0.857 -0.070 -0.321 
-0.857 -0.070 -0.322 
-0.857 -0.070 -0.322 
-0.857 -0.070 -0.322 
-0.857 -0.070 -0.322 
-0.857 -0.070 -0.322 
-0.857 -0.070 -0.323 
-0.857 -0.070 -0.323 
-0.857 -0.070 -0.323 
-0.857 -0.070 -0.322 
-0.857 -0.070 -0.322 
-0.857 -0.070 -0.322 
-0.857 -0.070 -0.322 
-0.857 -0.070 -0.321 
-0.857 -0.070 -0.321 
-0.857 -0.070 -0.321 
-0.857 -0.070 -0.321 
-0.857 -0.070 -0.321 
-0.857 -0.070 -0.321 
-0.857 -0.070 -0.321 
-0.857 -0.070 -0.321 
-0.857 -0.070 -0.321 
-0.857 -0.070 -0.321 
-0.857 -0.070 -0.321 
-0.857 -0.070 -0.321 
-0.857 -0.070 -0.321 
-0.857 -0.070 -0.321 
-0.857 -0.070 -0.321 
-0.857 -0.070 -0.321 
-0.857 -0.070 -0.321 
-0.857 -0.070 -0.322 
-0.857 -0.070 -0.322 
-0.857 -0.070 -0.321 
-0.857 -0.070 -0.321 
-0.857 -0.070 -0.321 
-0.857 -0.070 -0.321 
-0.857 -0.070 -0.321 
-0.857 -0.070 -0.321 
-0.857 -0.070 -0.321 
-0.857 -0.070 -0.321 
-0.857 -0.070 -0.321 
-0.857 -0.070 -0.321 
-0.857 -0.070 -0.321 
-0.857 -0.070 -0.322 
-0.857 -0.070 -0.323 
-0.857 -0.070 -0.323 
-0.857 -0.070 -0.323 
-0.857 -0.070 -0.323 
-0.857 -0.070 -0.323 
-0.857 -0.070 -0.322 
-0.857 -0.070 -0.322 
-0.857 -0.070 -0.322 
-0.857 -0.070 -0.321 
-0.857 -0.070 -0.321 
-0.857 -0.070 -0.321 
-0.857 -0.070 -0.321 
-0.857 -0.070 -0.322 
-0.857 -0.070 -0.322 
-0.857 -0.070 -0.323 
-0.857 -0.070 -0.323 
-0.857 -0.070 -0.323 
-0.857 -0.070 -0.323 
-0.857 -0.070 -0.323 
-0.857 -0.070 -0.323 
-0.857 -0.070 -0.323 
-0.857 -0.070 -0.322 
-0.857 -0.070 -0.322 
-0.857 -0.070 -0.322 
-0.857 -0.070 -0.322 
-0.857 -0.070 -0.322 
-0.857 -0.070 -0.322 
-0.857 -0.070 -0.322 
-0.857 -0.070 -0.323 
-0.857 -0.070 -0.323 
-0.857 -0.070 -0.323 
-0.857 -0.070 -0.323 
-0.857 -0.070 -0.323 
-0.857 -0.070 -0.323 
-0.857 -0.070 -0.323 
-0.857 -0.070 -0.323 
-0.857 -0.070 -0.323 
-0.857 -0.070 -0.322 
-0.857 -0.070 -0.322 
-0.857 -0.070 -0.322 
-0.857 -0.070 -0.322 
-0.857 -0.070 -0.322 
-0.857 -0.070 -0.322 
-0.857 -0.070 -0.322 
-0.857 -0.070 -0.322 
-0.857 -0.070 -0.322 
-0.857 -0.070 -0.322 
-0.857 -0.070 -0.322 
-0.857 -0.070 -0.322 
-0.857 -0.070 -0.322 
-0.857 -0.070 -0.322 
-0.857 -0.070 -0.322 
-0.857 -0.070 -0.322 
-0.857 -0.070 -0.322 
-0.857 -0.070 -0.322 
-0.857 -0.070 -0.322 
-0.857 -0.070 -0.322 
-0.857 -0.070 -0.322 
-0.857 -0.070 -0.322 
-0.857 -0.070 -0.322 
-0.857 -0.070 -0.322 
-0.857 -0.070 -0.322 
-0.857 -0.070 -0.321 
-0.857 -0.070 -0.321 
-0.857 -0.070 -0.321 
-0.857 -0.070 -0.321 
-0.857 -0.070 -0.321 
-0.857 -0.070 -0.322 
-0.857 -0.070 -0.322 
-0.857 -0.070 -0.322 
-0.857 -0.070 -0.323 
-0.857 -0.070 -0.323 
-0.857 -0.070 -0.323 
-0.857 -0.070 -0.321 
-0.857 -0.070 -0.321 
-0.857 -0.070 -0.320 
-0.857 -0.070 -0.319 
-0.857 -0.070 -0.319 
-0.857 -0.070 -0.319 
-0.857 -0.070 -0.319 
-0.857 -0.070 -0.319 
-0.857 -0.070 -0.319 
-0.857 -0.070 -0.319 
-0.857 -0.070 -0.320 
-0.857 -0.070 -0.321 
-0.857 -0.070 -0.322 
-0.857 -0.070 -0.322 
-0.857 -0.070 -0.322 
-0.857 -0.070 -0.322 
-0.857 -0.070 -0.321 
-0.857 -0.070 -0.321 
-0.857 -0.070 -0.320 
-0.857 -0.070 -0.320 
-0.857 -0.070 -0.320 
-0.857 -0.070 -0.320 
-0.857 -0.070 -0.320 
-0.857 -0.070 -0.321 
-0.857 -0.070 -0.321 
-0.857 -0.070 -0.321 
-0.857 -0.070 -0.321 
-0.857 -0.070 -0.321 
-0.857 -0.070 -0.321 
-0.857 -0.070 -0.321 
-0.857 -0.070 -0.321 
-0.857 -0.070 -0.321 
-0.857 -0.070 -0.321 
-0.857 -0.070 -0.321 
-0.857 -0.070 -0.320 
-0.857 -0.070 -0.320 
-0.857 -0.070 -0.320 
-0.857 -0.070 -0.320 
-0.857 -0.070 -0.320 
-0.857 -0.070 -0.320 
-0.857 -0.070 -0.320 
-0.857 -0.070 -0.320 
-0.857 -0.070 -0.320 
-0.857 -0.070 -0.320 
-0.857 -0.070 -0.320 
-0.857 -0.070 -0.320 
-0.857 -0.070 -0.320 
-0.857 -0.070 -0.320 
-0.857 -0.070 -0.320 
-0.857 -0.070 -0.320 
-0.857 -0.070 -0.320 
-0.857 -0.070 -0.321 
-0.857 -0.070 -0.321 
-0.857 -0.070 -0.320 
-0.857 -0.070 -0.320 
-0.857 -0.070 -0.320 
-0.857 -0.070 -0.320 
-0.857 -0.070 -0.320 
-0.857 -0.070 -0.320 
-0.857 -0.070 -0.320 
-0.857 -0.070 -0.320 
-0.857 -0.070 -0.320 
-0.857 -0.070 -0.320 
-0.857 -0.070 -0.320 
-0.857 -0.070 -0.320 
-0.857 -0.070 -0.321 
-0.857 -0.070 -0.321 
-0.857 -0.070 -0.321 
-0.857 -0.070 -0.321 
-0.857 -0.070 -0.321 
-0.857 -0.070 -0.321 
-0.857 -0.070 -0.321 
-0.857 -0.070 -0.320 
-0.857 -0.070 -0.320 
-0.857 -0.070 -0.320 
-0.857 -0.070 -0.319 
-0.857 -0.070 -0.319 
-0.857 -0.070 -0.319 
-0.857 -0.070 -0.319 
-0.857 -0.070 -0.319 
-0.857 -0.070 -0.320 
-0.857 -0.070 -0.320 
-0.857 -0.070 -0.320 
-0.857 -0.070 -0.321 
-0.857 -0.070 -0.321 
-0.857 -0.070 -0.321 
-0.857 -0.070 -0.321 
-0.857 -0.070 -0.321 
-0.857 -0.070 -0.321 
-0.857 -0.070 -0.321 
-0.857 -0.070 -0.320 
-0.857 -0.070 -0.320 
-0.857 -0.070 -0.319 
-0.857 -0.070 -0.319 
-0.857 -0.070 -0.319 
-0.857 -0.070 -0.319 
-0.857 -0.070 -0.319 
-0.857 -0.070 -0.319 
-0.857 -0.070 -0.319 
-0.857 -0.070 -0.320 
-0.857 -0.070 -0.320 
-0.857 -0.070 -0.320 
-0.857 -0.070 -0.320 
-0.857 -0.070 -0.321 
-0.857 -0.070 -0.321 
-0.857 -0.070 -0.321 
-0.857 -0.070 -0.320 
-0.857 -0.070 -0.320 
-0.857 -0.070 -0.320 
-0.857 -0.070 -0.320 
-0.857 -0.070 -0.319 
-0.857 -0.070 -0.319 
-0.857 -0.070 -0.319 
-0.857 -0.070 -0.319 
-0.857 -0.070 -0.319 
-0.857 -0.070 -0.319 
-0.857 -0.070 -0.320 
-0.857 -0.070 -0.320 
-0.857 -0.070 -0.320 
-0.857 -0.070 -0.320 
-0.857 -0.070 -0.320 
-0.857 -0.070 -0.320 
-0.857 -0.070 -0.320 
-0.857 -0.070 -0.320 
-0.857 -0.070 -0.320 
-0.857 -0.070 -0.320 
-0.857 -0.070 -0.320 
-0.857 -0.070 -0.320 
-0.857 -0.070 -0.319 
-0.857 -0.070 -0.319 
-0.857 -0.070 -0.319 
-0.857 -0.070 -0.319 
-0.857 -0.070 -0.319 
-0.857 -0.070 -0.319 
-0.857 -0.070 -0.319 
-0.857 -0.070 -0.319 
-0.857 -0.070 -0.319 
-0.857 -0.070 -0.319 
-0.857 -0.070 -0.319 
-0.857 -0.070 -0.319 
-0.857 -0.070 -0.319 
-0.857 -0.070 -0.319 
-0.857 -0.070 -0.319 
-0.857 -0.070 -0.319 
-0.857 -0.070 -0.319 
-0.857 -0.070 -0.319 
-0.857 -0.070 -0.319 
-0.857 -0.070 -0.319 
-0.857 -0.070 -0.319 
-0.857 -0.070 -0.319 
-0.857 -0.070 -0.319 
-0.857 -0.070 -0.319 
-0.857 -0.070 -0.319 
-0.857 -0.070 -0.319 
-0.857 -0.070 -0.319 
-0.857 -0.070 -0.319 
-0.857 -0.070 -0.319 
-0.857 -0.070 -0.319 
-0.857 -0.070 -0.319 
-0.857 -0.070 -0.319 
-0.857 -0.070 -0.319 
-0.857 -0.070 -0.319 
-0.857 -0.070 -0.319 
-0.857 -0.070 -0.319 
-0.857 -0.070 -0.319 
-0.857 -0.070 -0.320 
-0.857 -0.070 -0.320 
-0.857 -0.070 -0.320 
-0.857 -0.070 -0.320 
-0.857 -0.070 -0.319 
-0.857 -0.070 -0.319 
-0.857 -0.070 -0.319 
-0.857 -0.070 -0.319 
-0.857 -0.070 -0.319 
-0.857 -0.070 -0.319 
-0.857 -0.070 -0.318 
-0.857 -0.070 -0.318 
-0.857 -0.070 -0.318 
-0.857 -0.070 -0.319 
-0.857 -0.070 -0.319 
-0.857 -0.070 -0.319 
-0.857 -0.070 -0.319 
-0.857 -0.070 -0.320 
-0.857 -0.070 -0.320 
-0.857 -0.070 -0.320 
-0.857 -0.070 -0.320 
-0.857 -0.070 -0.320 
-0.857 -0.070 -0.319 
-0.857 -0.070 -0.319 
-0.857 -0.070 -0.319 
-0.857 -0.070 -0.318 
-0.857 -0.070 -0.318 
-0.857 -0.070 -0.318 
-0.857 -0.070 -0.318 
-0.857 -0.070 -0.318 
-0.857 -0.070 -0.318 
-0.857 -0.070 -0.318 
-0.857 -0.070 -0.318 
-0.857 -0.070 -0.319 
-0.857 -0.070 -0.319 
-0.857 -0.070 -0.320 
-0.857 -0.070 -0.320 
-0.857 -0.070 -0.320 
-0.857 -0.070 -0.320 
-0.857 -0.070 -0.320 
-0.857 -0.070 -0.319 
-0.857 -0.070 -0.319 
-0.857 -0.070 -0.319 
-0.857 -0.070 -0.318 
-0.857 -0.070 -0.318 
-0.857 -0.070 -0.318 
-0.857 -0.070 -0.318 
-0.857 -0.070 -0.318 
-0.857 -0.070 -0.318 
-0.857 -0.070 -0.318 
-0.857 -0.070 -0.319 
-0.857 -0.070 -0.319 
-0.857 -0.070 -0.319 
-0.857 -0.070 -0.319 
-0.857 -0.070 -0.319 
-0.857 -0.070 -0.319 
-0.857 -0.070 -0.319 
-0.857 -0.070 -0.319 
-0.857 -0.070 -0.319 
-0.857 -0.070 -0.319 
-0.857 -0.070 -0.319 
-0.857 -0.070 -0.318 
-0.857 -0.070 -0.318 
-0.857 -0.070 -0.318 
-0.857 -0.070 -0.318 
-0.857 -0.070 -0.318 
-0.857 -0.070 -0.318 
-0.857 -0.070 -0.318 
-0.857 -0.070 -0.318 
-0.857 -0.070 -0.318 
-0.857 -0.070 -0.319 
-0.857 -0.070 -0.319 
-0.857 -0.070 -0.319 
-0.857 -0.070 -0.319 
-0.857 -0.070 -0.319 
-0.857 -0.070 -0.319 
-0.857 -0.070 -0.319 
-0.857 -0.070 -0.318 
-0.857 -0.070 -0.318 
-0.857 -0.070 -0.318 
-0.857 -0.070 -0.318 
-0.857 -0.070 -0.318 
-0.857 -0.070 -0.318 
-0.857 -0.070 -0.318 
-0.857 -0.070 -0.318 
-0.857 -0.070 -0.318 
-0.857 -0.070 -0.318 
-0.857 -0.070 -0.318 
-0.857 -0.070 -0.318 
-0.857 -0.070 -0.318 
-0.857 -0.070 -0.318 
-0.857 -0.070 -0.318 
-0.857 -0.070 -0.318 
-0.857 -0.070 -0.318 
-0.857 -0.070 -0.318 
-0.857 -0.070 -0.318 
-0.857 -0.070 -0.318 
-0.857 -0.070 -0.318 
-0.857 -0.070 -0.318 
-0.857 -0.070 -0.318 
-0.857 -0.070 -0.318 
-0.857 -0.070 -0.318 
-0.857 -0.070 -0.318 
-0.857 -0.070 -0.318 
-0.857 -0.070 -0.318 
-0.857 -0.070 -0.318 
-0.857 -0.070 -0.318 
-0.857 -0.070 -0.318 
-0.857 -0.070 -0.318 
-0.857 -0.070 -0.318 
-0.857 -0.070 -0.318 
-0.857 -0.070 -0.318 
-0.857 -0.070 -0.318 
-0.857 -0.070 -0.318 
-0.857 -0.070 -0.318 
-0.857 -0.070 -0.318 
-0.857 -0.070 -0.318 
-0.857 -0.070 -0.319 
-0.857 -0.070 -0.319 
-0.857 -0.070 -0.319 
-0.857 -0.070 -0.318 
-0.857 -0.070 -0.318 
-0.857 -0.070 -0.318 
-0.857 -0.070 -0.318 
-0.857 -0.070 -0.317 
-0.857 -0.070 -0.317 
-0.857 -0.070 -0.317 
-0.857 -0.070 -0.317 
-0.857 -0.070 -0.317 
-0.857 -0.070 -0.317 
-0.857 -0.070 -0.317 
-0.857 -0.070 -0.318 
-0.857 -0.070 -0.318 
-0.857 -0.070 -0.318 
-0.857 -0.070 -0.318 
-0.857 -0.070 -0.319 
-0.857 -0.070 -0.319 
-0.857 -0.070 -0.319 
-0.857 -0.070 -0.318 
-0.857 -0.070 -0.318 
-0.857 -0.070 -0.317 
-0.857 -0.070 -0.317 
-0.857 -0.070 -0.317 
-0.857 -0.070 -0.317 
-0.857 -0.070 -0.317 
-0.857 -0.070 -0.317 
-0.857 -0.070 -0.317 
-0.857 -0.070 -0.317 
-0.857 -0.070 -0.318 
-0.857 -0.070 -0.318 
-0.857 -0.070 -0.318 
-0.857 -0.070 -0.319 
-0.857 -0.070 -0.319 
-0.857 -0.070 -0.319 
-0.857 -0.070 -0.319 
-0.857 -0.070 -0.319 
-0.857 -0.070 -0.319 
-0.857 -0.070 -0.318 
-0.857 -0.070 -0.318 
-0.857 -0.070 -0.317 
-0.857 -0.070 -0.317 
-0.857 -0.070 -0.317 
-0.857 -0.070 -0.317 
-0.857 -0.070 -0.317 
-0.857 -0.070 -0.317 
-0.857 -0.070 -0.317 
-0.857 -0.070 -0.318 
-0.857 -0.070 -0.318 
-0.857 -0.070 -0.318 
-0.857 -0.070 -0.318 
-0.857 -0.070 -0.319 
-0.857 -0.070 -0.319 
-0.857 -0.070 -0.319 
-0.857 -0.070 -0.319 
-0.857 -0.070 -0.318 
-0.857 -0.070 -0.318 
-0.857 -0.070 -0.318 
-0.857 -0.070 -0.318 
-0.857 -0.070 -0.318 
-0.857 -0.070 -0.317 
-0.857 -0.070 -0.317 
-0.857 -0.070 -0.317 
-0.857 -0.070 -0.317 
-0.857 -0.070 -0.318 
-0.857 -0.070 -0.318 
-0.857 -0.070 -0.318 
-0.857 -0.070 -0.318 
-0.857 -0.070 -0.318 
-0.857 -0.070 -0.318 
-0.857 -0.070 -0.318 
-0.857 -0.070 -0.318 
-0.857 -0.070 -0.318 
-0.857 -0.070 -0.318 
-0.857 -0.070 -0.318 
-0.857 -0.070 -0.318 
-0.857 -0.070 -0.318 
-0.857 -0.070 -0.318 
-0.857 -0.070 -0.318 
-0.857 -0.070 -0.317 
-0.857 -0.070 -0.317 
-0.857 -0.070 -0.317 
-0.857 -0.070 -0.317 
-0.857 -0.070 -0.317 
-0.857 -0.070 -0.317 
-0.857 -0.070 -0.317 
-0.857 -0.070 -0.317 
-0.857 -0.070 -0.317 
-0.857 -0.070 -0.317 
-0.857 -0.070 -0.317 
-0.857 -0.070 -0.317 
-0.857 -0.070 -0.317 
-0.857 -0.070 -0.317 
-0.857 -0.070 -0.317 
-0.857 -0.070 -0.317 
-0.857 -0.070 -0.317 
-0.857 -0.070 -0.317 
-0.857 -0.070 -0.318 
-0.857 -0.070 -0.317 
-0.857 -0.070 -0.317 
-0.857 -0.070 -0.317 
-0.857 -0.070 -0.317 
-0.857 -0.070 -0.317 
-0.857 -0.070 -0.317 
-0.857 -0.070 -0.317 
-0.857 -0.070 -0.317 
-0.857 -0.070 -0.317 
-0.857 -0.070 -0.317 
-0.857 -0.070 -0.317 
-0.857 -0.070 -0.317 
-0.857 -0.070 -0.317 
-0.857 -0.070 -0.317 
-0.857 -0.070 -0.317 
-0.857 -0.070 -0.317 
-0.857 -0.070 -0.318 
-0.857 -0.070 -0.318 
-0.857 -0.070 -0.318 
-0.857 -0.070 -0.318 
-0.857 -0.070 -0.317 
-0.857 -0.070 -0.317 
-0.857 -0.070 -0.317 
-0.857 -0.070 -0.316 
-0.857 -0.070 -0.316 
-0.857 -0.070 -0.316 
-0.857 -0.070 -0.316 
-0.857 -0.070 -0.316 
-0.857 -0.070 -0.316 
-0.857 -0.070 -0.316 
-0.857 -0.070 -0.317 
-0.857 -0.070 -0.317 
-0.857 -0.070 -0.317 
-0.857 -0.070 -0.318 
-0.857 -0.070 -0.318 
-0.857 -0.070 -0.318 
-0.857 -0.070 -0.318 
-0.857 -0.070 -0.318 
-0.857 -0.070 -0.317 
-0.857 -0.070 -0.317 
-0.857 -0.070 -0.316 
-0.857 -0.070 -0.316 
-0.857 -0.070 -0.316 
-0.857 -0.070 -0.316 
-0.857 -0.070 -0.316 
-0.857 -0.070 -0.316 
-0.857 -0.070 -0.316 
-0.857 -0.070 -0.316 
-0.857 -0.070 -0.316 
-0.857 -0.070 -0.317 
-0.857 -0.070 -0.317 
-0.857 -0.070 -0.317 
-0.857 -0.070 -0.317 
-0.857 -0.070 -0.317 
-0.857 -0.070 -0.317 
-0.857 -0.070 -0.317 
-0.857 -0.070 -0.317 
-0.857 -0.070 -0.317 
-0.857 -0.070 -0.317 
-0.857 -0.070 -0.316 
-0.857 -0.070 -0.316 
-0.857 -0.070 -0.316 
-0.857 -0.070 -0.316 
-0.857 -0.070 -0.316 
-0.857 -0.070 -0.316 
-0.857 -0.070 -0.316 
-0.857 -0.070 -0.317 
-0.857 -0.070 -0.317 
-0.857 -0.070 -0.317 
-0.857 -0.070 -0.317 
-0.857 -0.070 -0.317 
-0.857 -0.070 -0.317 
-0.857 -0.070 -0.317 
-0.857 -0.070 -0.317 
-0.857 -0.070 -0.317 
-0.857 -0.070 -0.317 
-0.857 -0.070 -0.317 
-0.857 -0.070 -0.316 
-0.857 -0.070 -0.316 
-0.857 -0.070 -0.316 
-0.857 -0.070 -0.316 
-0.857 -0.070 -0.316 
-0.857 -0.070 -0.316 
-0.857 -0.070 -0.316 
-0.857 -0.070 -0.316 
-0.857 -0.070 -0.316 
-0.857 -0.070 -0.316 
-0.857 -0.070 -0.316 
-0.857 -0.070 -0.316 
-0.857 -0.070 -0.316 
-0.857 -0.070 -0.316 
-0.857 -0.070 -0.316 
-0.857 -0.070 -0.316 
-0.857 -0.070 -0.316 
-0.857 -0.070 -0.316 
-0.857 -0.070 -0.316 
-0.857 -0.070 -0.316 
-0.857 -0.070 -0.316 
-0.857 -0.070 -0.316 
-0.857 -0.070 -0.316 
-0.857 -0.070 -0.316 
-0.857 -0.070 -0.316 
-0.857 -0.070 -0.316 
-0.857 -0.070 -0.316 
-0.857 -0.070 -0.316 
-0.857 -0.070 -0.316 
-0.857 -0.070 -0.316 
-0.857 -0.070 -0.316 
-0.857 -0.070 -0.316 
-0.857 -0.070 -0.316 
-0.857 -0.070 -0.316 
-0.857 -0.070 -0.316 
-0.857 -0.070 -0.316 
-0.857 -0.070 -0.316 
-0.857 -0.070 -0.316 
-0.857 -0.070 -0.316 
-0.857 -0.070 -0.316 
-0.857 -0.070 -0.316 
-0.857 -0.070 -0.316 
-0.857 -0.070 -0.316 
-0.857 -0.070 -0.316 
-0.857 -0.070 -0.316 
-0.857 -0.070 -0.315 
-0.857 -0.070 -0.315 
-0.857 -0.070 -0.315 
-0.857 -0.070 -0.315 
-0.857 -0.070 -0.315 
-0.857 -0.070 -0.315 
-0.857 -0.070 -0.315 
-0.857 -0.070 -0.316 
-0.857 -0.070 -0.316 
-0.857 -0.070 -0.316 
-0.857 -0.070 -0.316 
-0.857 -0.070 -0.317 
-0.857 -0.070 -0.317 
-0.857 -0.070 -0.316 
-0.857 -0.070 -0.316 
-0.857 -0.070 -0.316 
-0.857 -0.070 -0.315 
-0.857 -0.070 -0.315 
-0.857 -0.070 -0.315 
-0.857 -0.070 -0.315 
-0.857 -0.070 -0.315 
-0.857 -0.070 -0.315 
-0.857 -0.070 -0.315 
-0.857 -0.070 -0.315 
-0.857 -0.070 -0.315 
-0.857 -0.070 -0.315 
-0.857 -0.070 -0.316 
-0.857 -0.070 -0.316 
-0.857 -0.070 -0.316 
-0.857 -0.070 -0.316 
-0.857 -0.070 -0.316 
-0.857 -0.070 -0.316 
-0.857 -0.070 -0.316 
-0.857 -0.070 -0.316 
-0.857 -0.070 -0.315 
-0.857 -0.070 -0.315 
-0.857 -0.070 -0.315 
-0.857 -0.070 -0.315 
-0.857 -0.070 -0.315 
-0.857 -0.070 -0.315 
-0.857 -0.070 -0.315 
-0.857 -0.070 -0.315 
-0.857 -0.070 -0.315 
-0.857 -0.070 -0.316 
-0.857 -0.070 -0.316 
-0.857 -0.070 -0.316 
-0.857 -0.070 -0.316 
-0.857 -0.070 -0.316 
-0.857 -0.070 -0.316 
-0.857 -0.070 -0.316 
-0.857 -0.070 -0.316 
-0.857 -0.070 -0.316 
-0.857 -0.070 -0.315 
-0.857 -0.070 -0.315 
-0.857 -0.070 -0.315 
-0.857 -0.070 -0.315 
-0.857 -0.070 -0.314 
-0.857 -0.070 -0.314 
-0.857 -0.070 -0.315 
-0.857 -0.070 -0.315 
-0.857 -0.070 -0.315 
-0.857 -0.070 -0.315 
-0.857 -0.070 -0.316 
-0.857 -0.070 -0.316 
-0.857 -0.070 -0.316 
-0.857 -0.070 -0.316 
-0.857 -0.070 -0.316 
-0.857 -0.070 -0.316 
-0.857 -0.070 -0.316 
-0.857 -0.070 -0.315 
-0.857 -0.070 -0.315 
-0.857 -0.070 -0.315 
-0.857 -0.070 -0.315 
-0.857 -0.070 -0.314 
-0.857 -0.070 -0.314 
-0.857 -0.070 -0.314 
-0.857 -0.070 -0.315 
-0.857 -0.070 -0.315 
-0.857 -0.070 -0.315 
-0.857 -0.070 -0.315 
-0.857 -0.070 -0.315 
-0.857 -0.070 -0.315 
-0.857 -0.070 -0.315 
-0.857 -0.070 -0.315 
-0.857 -0.070 -0.315 
-0.857 -0.070 -0.315 
-0.857 -0.070 -0.315 
-0.857 -0.070 -0.315 
-0.857 -0.070 -0.315 
-0.857 -0.070 -0.315 
-0.857 -0.070 -0.315 
-0.857 -0.070 -0.315 
-0.857 -0.070 -0.315 
-0.857 -0.070 -0.315 
-0.857 -0.070 -0.315 
-0.857 -0.070 -0.315 
-0.857 -0.070 -0.315 
-0.857 -0.070 -0.315 
-0.857 -0.070 -0.315 
-0.857 -0.070 -0.315 
-0.857 -0.070 -0.315 
-0.857 -0.070 -0.314 
-0.857 -0.070 -0.314 
-0.857 -0.070 -0.314 
-0.857 -0.070 -0.314 
-0.857 -0.070 -0.315 
-0.857 -0.070 -0.315 
-0.857 -0.070 -0.315 
-0.857 -0.070 -0.315 
-0.857 -0.070 -0.315 
-0.857 -0.070 -0.315 
-0.857 -0.070 -0.315 
-0.857 -0.070 -0.315 
-0.857 -0.070 -0.314 
-0.857 -0.070 -0.314 
-0.857 -0.070 -0.314 
-0.857 -0.070 -0.314 
-0.857 -0.070 -0.314 
-0.857 -0.070 -0.314 
-0.857 -0.070 -0.314 
-0.857 -0.070 -0.314 
-0.857 -0.070 -0.314 
-0.857 -0.070 -0.314 
-0.857 -0.070 -0.314 
-0.857 -0.070 -0.314 
-0.857 -0.070 -0.315 
-0.857 -0.070 -0.315 
-0.857 -0.070 -0.315 
-0.857 -0.070 -0.315 
-0.857 -0.070 -0.315 
-0.857 -0.070 -0.315 
-0.857 -0.070 -0.315 
-0.857 -0.070 -0.314 
-0.857 -0.070 -0.314 
-0.857 -0.070 -0.314 
-0.857 -0.070 -0.314 
-0.857 -0.070 -0.314 
-0.857 -0.070 -0.313 
-0.857 -0.070 -0.313 
-0.857 -0.070 -0.314 
-0.857 -0.070 -0.314 
-0.857 -0.070 -0.314 
-0.857 -0.070 -0.314 
-0.857 -0.070 -0.315 
-0.857 -0.070 -0.315 
-0.857 -0.070 -0.315 
-0.857 -0.070 -0.315 
-0.857 -0.070 -0.315 
-0.857 -0.070 -0.315 
-0.857 -0.070 -0.315 
-0.857 -0.070 -0.314 
-0.857 -0.070 -0.314 
-0.857 -0.070 -0.314 
-0.857 -0.070 -0.313 
-0.857 -0.070 -0.313 
-0.857 -0.070 -0.313 
-0.857 -0.070 -0.313 
-0.857 -0.070 -0.313 
-0.857 -0.070 -0.314 
-0.857 -0.070 -0.314 
-0.857 -0.070 -0.314 
-0.857 -0.070 -0.315 
-0.857 -0.070 -0.315 
-0.857 -0.070 -0.315 
-0.857 -0.070 -0.315 
-0.857 -0.070 -0.315 
-0.857 -0.070 -0.315 
-0.857 -0.070 -0.314 
-0.857 -0.070 -0.314 
-0.857 -0.070 -0.314 
-0.857 -0.070 -0.313 
-0.857 -0.070 -0.313 
-0.857 -0.070 -0.313 
-0.857 -0.070 -0.313 
-0.857 -0.070 -0.313 
-0.857 -0.070 -0.313 
-0.857 -0.070 -0.315 
-0.857 -0.070 -0.317 
-0.857 -0.070 -0.317 
-0.857 -0.070 -0.317 
-0.857 -0.070 -0.317 
-0.857 -0.070 -0.318 
-0.857 -0.070 -0.318 
-0.857 -0.070 -0.317 
-0.857 -0.070 -0.317 
-0.857 -0.070 -0.317 
-0.857 -0.070 -0.317 
-0.857 -0.070 -0.317 
-0.857 -0.070 -0.317 
-0.857 -0.070 -0.317 
-0.857 -0.070 -0.316 
-0.857 -0.070 -0.316 
-0.857 -0.070 -0.316 
-0.857 -0.070 -0.317 
-0.857 -0.070 -0.317 
-0.857 -0.070 -0.317 
-0.857 -0.070 -0.317 
-0.857 -0.070 -0.317 
-0.857 -0.070 -0.317 
-0.857 -0.070 -0.317 
-0.857 -0.070 -0.317 
-0.857 -0.070 -0.317 
-0.857 -0.070 -0.317 
-0.857 -0.070 -0.317 
-0.857 -0.070 -0.317 
-0.857 -0.070 -0.317 
-0.857 -0.070 -0.317 
-0.857 -0.070 -0.317 
-0.857 -0.070 -0.317 
-0.857 -0.070 -0.317 
-0.857 -0.070 -0.317 
-0.857 -0.070 -0.317 
-0.857 -0.070 -0.317 
-0.857 -0.070 -0.317 
-0.857 -0.070 -0.317 
-0.857 -0.070 -0.317 
-0.857 -0.070 -0.316 
-0.857 -0.070 -0.316 
-0.857 -0.070 -0.316 
-0.857 -0.070 -0.316 
-0.857 -0.070 -0.316 
-0.857 -0.070 -0.316 
-0.857 -0.070 -0.316 
-0.857 -0.070 -0.317 
-0.857 -0.070 -0.317 
-0.857 -0.070 -0.317 
-0.857 -0.070 -0.317 
-0.857 -0.070 -0.317 
-0.857 -0.070 -0.317 
-0.857 -0.070 -0.317 
-0.857 -0.070 -0.316 
-0.857 -0.070 -0.316 
-0.857 -0.070 -0.316 
-0.857 -0.070 -0.316 
-0.857 -0.070 -0.316 
-0.857 -0.070 -0.316 
-0.857 -0.070 -0.316 
-0.857 -0.070 -0.316 
-0.857 -0.070 -0.316 
-0.857 -0.070 -0.316 
-0.857 -0.070 -0.316 
-0.857 -0.070 -0.316 
-0.857 -0.070 -0.317 
-0.857 -0.070 -0.317 
-0.857 -0.070 -0.317 
-0.857 -0.070 -0.317 
-0.857 -0.070 -0.317 
-0.857 -0.070 -0.317 
-0.857 -0.070 -0.316 
-0.857 -0.070 -0.316 
-0.857 -0.070 -0.316 
-0.857 -0.070 -0.316 
-0.857 -0.070 -0.316 
-0.857 -0.070 -0.316 
-0.857 -0.070 -0.316 
-0.857 -0.070 -0.316 
-0.857 -0.070 -0.316 
-0.857 -0.070 -0.316 
-0.857 -0.070 -0.316 
-0.857 -0.070 -0.317 
-0.857 -0.070 -0.317 
-0.857 -0.070 -0.317 
-0.857 -0.070 -0.317 
-0.857 -0.070 -0.317 
-0.857 -0.070 -0.317 
-0.857 -0.070 -0.317 
-0.857 -0.070 -0.317 
-0.857 -0.070 -0.316 
-0.857 -0.070 -0.316 
-0.857 -0.070 -0.316 
-0.857 -0.070 -0.316 
-0.857 -0.070 -0.316 
-0.857 -0.070 -0.316 
-0.857 -0.070 -0.316 
-0.857 -0.070 -0.316 
-0.857 -0.070 -0.316 
-0.857 -0.070 -0.317 
-0.857 -0.070 -0.317 
-0.857 -0.070 -0.317 
-0.857 -0.070 -0.317 
-0.857 -0.070 -0.317 
-0.857 -0.070 -0.317 
-0.857 -0.070 -0.317 
-0.857 -0.070 -0.317 
-0.857 -0.070 -0.317 
-0.857 -0.070 -0.316 
-0.857 -0.070 -0.316 
-0.857 -0.070 -0.316 
-0.857 -0.070 -0.315 
-0.857 -0.070 -0.315 
-0.857 -0.070 -0.315 
-0.857 -0.070 -0.316 
-0.857 -0.070 -0.316 
-0.857 -0.070 -0.316 
-0.857 -0.070 -0.316 
-0.857 -0.070 -0.316 
-0.857 -0.070 -0.317 
-0.857 -0.070 -0.317 
-0.857 -0.070 -0.317 
-0.857 -0.070 -0.317 
-0.857 -0.070 -0.317 
-0.857 -0.070 -0.317 
-0.857 -0.070 -0.316 
-0.857 -0.070 -0.316 
-0.857 -0.070 -0.316 
-0.857 -0.070 -0.316 
-0.857 -0.070 -0.315 
-0.857 -0.070 -0.315 
-0.857 -0.070 -0.315 
-0.857 -0.070 -0.316 
-0.857 -0.070 -0.316 
-0.857 -0.070 -0.316 
-0.857 -0.070 -0.316 
-0.857 -0.070 -0.316 
-0.857 -0.070 -0.316 
-0.857 -0.070 -0.316 
-0.857 -0.070 -0.316 
-0.857 -0.070 -0.316 
-0.857 -0.070 -0.316 
-0.857 -0.070 -0.316 
-0.857 -0.070 -0.316 
-0.857 -0.070 -0.316 
-0.857 -0.070 -0.316 
-0.857 -0.070 -0.316 
-0.857 -0.070 -0.316 
-0.857 -0.070 -0.316 
-0.857 -0.070 -0.316 
-0.857 -0.070 -0.316 
-0.857 -0.070 -0.316 
-0.857 -0.070 -0.316 
-0.857 -0.070 -0.316 
-0.857 -0.070 -0.316 
-0.857 -0.070 -0.316 
-0.857 -0.070 -0.316 
-0.857 -0.070 -0.316 
-0.857 -0.070 -0.315 
-0.857 -0.070 -0.315 
-0.857 -0.070 -0.316 
-0.857 -0.070 -0.316 
-0.857 -0.070 -0.316 
-0.857 -0.070 -0.316 
-0.857 -0.070 -0.316 
-0.857 -0.070 -0.316 
-0.857 -0.070 -0.316 
-0.857 -0.070 -0.316 
-0.857 -0.070 -0.316 
-0.857 -0.070 -0.316 
-0.857 -0.070 -0.315 
-0.857 -0.070 -0.315 
-0.857 -0.070 -0.315 
-0.857 -0.070 -0.315 
-0.857 -0.070 -0.315 
-0.857 -0.070 -0.315 
-0.857 -0.070 -0.315 
-0.857 -0.070 -0.315 
-0.857 -0.070 -0.315 
-0.857 -0.070 -0.315 
-0.857 -0.070 -0.316 
-0.857 -0.070 -0.316 
-0.857 -0.070 -0.316 
-0.857 -0.070 -0.316 
-0.857 -0.070 -0.316 
-0.857 -0.070 -0.316 
-0.857 -0.070 -0.316 
-0.857 -0.070 -0.316 
-0.857 -0.070 -0.315 
-0.857 -0.070 -0.315 
-0.857 -0.070 -0.315 
-0.857 -0.070 -0.315 
-0.857 -0.070 -0.315 
-0.857 -0.070 -0.315 
-0.857 -0.070 -0.315 
-0.857 -0.070 -0.315 
-0.857 -0.070 -0.315 
-0.857 -0.070 -0.315 
-0.857 -0.070 -0.315 
-0.857 -0.070 -0.316 
-0.857 -0.070 -0.316 
-0.857 -0.070 -0.316 
-0.857 -0.070 -0.316 
-0.857 -0.070 -0.316 
-0.857 -0.070 -0.316 
-0.857 -0.070 -0.316 
-0.857 -0.070 -0.315 
-0.857 -0.070 -0.315 
-0.857 -0.070 -0.315 
-0.857 -0.070 -0.315 
-0.857 -0.070 -0.315 
-0.857 -0.070 -0.315 
-0.857 -0.070 -0.315 
-0.857 -0.070 -0.315 
-0.857 -0.070 -0.315 
-0.857 -0.070 -0.315 
-0.857 -0.070 -0.316 
-0.857 -0.070 -0.316 
-0.857 -0.070 -0.316 
-0.857 -0.070 -0.316 
-0.857 -0.070 -0.316 
-0.857 -0.070 -0.316 
-0.857 -0.070 -0.316 
-0.857 -0.070 -0.316 
-0.857 -0.070 -0.316 
-0.857 -0.070 -0.315 
-0.857 -0.070 -0.315 
-0.857 -0.070 -0.315 
-0.857 -0.070 -0.314 
-0.857 -0.070 -0.314 
-0.857 -0.070 -0.314 
-0.857 -0.070 -0.315 
-0.857 -0.070 -0.315 
-0.857 -0.070 -0.315 
-0.857 -0.070 -0.315 
-0.857 -0.070 -0.316 
-0.857 -0.070 -0.316 
-0.857 -0.070 -0.316 
-0.857 -0.070 -0.316 
-0.857 -0.070 -0.316 
-0.857 -0.070 -0.315 
-0.857 -0.070 -0.315 
-0.857 -0.070 -0.315 
-0.857 -0.070 -0.315 
-0.857 -0.070 -0.315 
-0.857 -0.070 -0.315 
-0.857 -0.070 -0.314 
-0.857 -0.070 -0.314 
-0.857 -0.070 -0.315 
-0.857 -0.070 -0.315 
-0.857 -0.070 -0.315 
-0.857 -0.070 -0.315 
-0.857 -0.070 -0.315 
-0.857 -0.070 -0.315 
-0.857 -0.070 -0.315 
-0.857 -0.070 -0.315 
-0.857 -0.070 -0.315 
-0.857 -0.070 -0.315 
-0.857 -0.070 -0.315 
-0.857 -0.070 -0.315 
-0.857 -0.070 -0.315 
-0.857 -0.070 -0.315 
-0.857 -0.070 -0.315 
-0.857 -0.070 -0.315 
-0.857 -0.070 -0.315 
-0.857 -0.070 -0.315 
-0.857 -0.070 -0.315 
-0.857 -0.070 -0.315 
-0.857 -0.070 -0.315 
-0.857 -0.070 -0.315 
-0.857 -0.070 -0.315 
-0.857 -0.070 -0.315 
-0.857 -0.070 -0.315 
-0.857 -0.070 -0.315 
-0.857 -0.070 -0.315 
-0.857 -0.070 -0.315 
-0.857 -0.070 -0.315 
-0.857 -0.070 -0.315 
-0.857 -0.070 -0.315 
-0.857 -0.070 -0.315 
-0.857 -0.070 -0.315 
-0.857 -0.070 -0.315 
-0.857 -0.070 -0.315 
-0.857 -0.070 -0.315 
-0.857 -0.070 -0.315 
-0.857 -0.070 -0.315 
-0.857 -0.070 -0.315 
-0.857 -0.070 -0.315 
-0.857 -0.070 -0.315 
-0.857 -0.070 -0.315 
-0.857 -0.070 -0.315 
-0.857 -0.070 -0.315 
-0.857 -0.070 -0.315 
-0.857 -0.070 -0.315 
-0.857 -0.070 -0.315 
-0.857 -0.070 -0.315 
-0.857 -0.070 -0.315 
-0.857 -0.070 -0.315 
-0.857 -0.070 -0.316 
-0.857 -0.070 -0.316 
-0.857 -0.070 -0.316 
-0.857 -0.070 -0.316 
-0.857 -0.070 -0.316 
-0.857 -0.070 -0.316 
-0.857 -0.070 -0.315 
-0.857 -0.070 -0.315 
-0.857 -0.070 -0.315 
-0.857 -0.070 -0.315 
-0.857 -0.070 -0.314 
-0.857 -0.070 -0.314 
-0.857 -0.070 -0.314 
-0.857 -0.070 -0.314 
-0.857 -0.070 -0.315 
-0.857 -0.070 -0.315 
-0.857 -0.070 -0.315 
-0.857 -0.070 -0.316 
-0.857 -0.070 -0.316 
-0.857 -0.070 -0.316 
-0.857 -0.070 -0.316 
-0.857 -0.070 -0.316 
-0.857 -0.070 -0.316 
-0.857 -0.070 -0.316 
-0.857 -0.070 -0.315 
-0.857 -0.070 -0.315 
-0.857 -0.070 -0.315 
-0.857 -0.070 -0.315 
-0.857 -0.070 -0.314 
-0.857 -0.070 -0.314 
-0.857 -0.070 -0.314 
-0.857 -0.070 -0.314 
-0.857 -0.070 -0.315 
-0.857 -0.070 -0.315 
-0.857 -0.070 -0.315 
-0.857 -0.070 -0.316 
-0.857 -0.070 -0.316 
-0.857 -0.070 -0.316 
-0.857 -0.070 -0.316 
-0.857 -0.070 -0.316 
-0.857 -0.070 -0.316 
-0.857 -0.070 -0.316 
-0.857 -0.070 -0.315 
-0.857 -0.070 -0.315 
-0.857 -0.070 -0.315 
-0.857 -0.070 -0.314 
-0.857 -0.070 -0.314 
-0.857 -0.070 -0.314 
-0.857 -0.070 -0.314 
-0.857 -0.070 -0.314 
-0.857 -0.070 -0.315 
-0.857 -0.070 -0.315 
-0.857 -0.070 -0.315 
-0.857 -0.070 -0.315 
-0.857 -0.070 -0.315 
-0.857 -0.070 -0.315 
-0.857 -0.070 -0.315 
-0.857 -0.070 -0.315 
-0.857 -0.070 -0.315 
-0.857 -0.070 -0.315 
-0.857 -0.070 -0.315 
-0.857 -0.070 -0.315 
-0.857 -0.070 -0.315 
-0.857 -0.070 -0.315 
-0.857 -0.070 -0.315 
-0.857 -0.070 -0.314 
-0.857 -0.070 -0.314 
-0.857 -0.070 -0.315 
-0.857 -0.070 -0.315 
-0.857 -0.070 -0.315 
-0.857 -0.070 -0.315 
-0.857 -0.070 -0.315 
-0.857 -0.070 -0.315 
-0.857 -0.070 -0.315 
-0.857 -0.070 -0.315 
-0.857 -0.070 -0.314 
-0.857 -0.070 -0.314 
-0.857 -0.070 -0.314 
-0.857 -0.070 -0.307 
-0.857 -0.070 -0.287 
-0.857 -0.070 -0.257 
-0.857 -0.070 -0.227 
-0.856 -0.070 -0.202 
-0.856 -0.070 -0.178 
-0.855 -0.070 -0.155 
-0.855 -0.071 -0.134 
-0.854 -0.071 -0.113 
-0.853 -0.071 -0.093 
-0.852 -0.071 -0.074 
-0.851 -0.071 -0.055 
-0.850 -0.071 -0.037 
-0.849 -0.071 -0.020 
-0.848 -0.071 -0.003 
-0.846 -0.071 0.014 
-0.845 -0.071 0.030 
-0.844 -0.071 0.048 
-0.843 -0.071 0.066 
-0.842 -0.071 0.085 
-0.841 -0.071 0.103 
-0.840 -0.071 0.120 
-0.840 -0.070 0.136 
-0.839 -0.070 0.149 
-0.838 -0.070 0.160 
-0.838 -0.070 0.169 
-0.838 -0.070 0.176 
-0.838 -0.070 0.182 
-0.837 -0.070 0.187 
-0.837 -0.070 0.193 
-0.837 -0.070 0.199 
-0.837 -0.070 0.208 
-0.836 -0.070 0.219 
-0.836 -0.070 0.234 
-0.836 -0.070 0.255 
-0.835 -0.070 0.280 
-0.835 -0.069 0.306 
-0.835 -0.069 0.334 
-0.835 -0.069 0.364 
-0.835 -0.069 0.394 
-0.835 -0.069 0.424 
-0.835 -0.069 0.454 
-0.835 -0.069 0.484 
-0.835 -0.069 0.513 
-0.835 -0.069 0.544 
-0.835 -0.069 0.574 
-0.835 -0.069 0.603 
-0.835 -0.069 0.634 
-0.835 -0.069 0.664 
-0.835 -0.069 0.693 
-0.835 -0.069 0.724 
-0.835 -0.069 0.753 
-0.835 -0.069 0.783 
-0.835 -0.069 0.813 
-0.835 -0.069 0.840 
-0.834 -0.069 0.867 
-0.834 -0.069 0.894 
-0.834 -0.068 0.919 
-0.834 -0.068 0.946 
-0.834 -0.068 0.974 
-0.834 -0.068 1.002 
-0.834 -0.068 1.032 
-0.834 -0.068 1.061 
-0.834 -0.068 1.089 
-0.834 -0.068 1.116 
-0.834 -0.069 1.144 
-0.834 -0.069 1.172 
-0.834 -0.069 1.201 
-0.834 -0.069 1.232 
-0.834 -0.069 1.261 
-0.834 -0.069 1.291 
-0.834 -0.069 1.322 
-0.834 -0.069 1.351 
-0.834 -0.069 1.381 
-0.834 -0.069 1.412 
-0.834 -0.069 1.441 
-0.834 -0.069 1.471 
-0.834 -0.069 1.501 
-0.834 -0.069 1.531 
-0.834 -0.069 1.561 
-0.834 -0.069 1.591 
-0.834 -0.069 1.621 
-0.834 -0.069 1.651 
-0.834 -0.069 1.681 
-0.834 -0.069 1.711 
-0.834 -0.069 1.741 
-0.834 -0.069 1.771 
-0.834 -0.069 1.801 
-0.834 -0.069 1.830 
-0.834 -0.069 1.861 
-0.834 -0.069 1.891 
-0.834 -0.069 1.920 
-0.834 -0.069 1.950 
-0.834 -0.069 1.979 
-0.834 -0.069 2.007 
-0.834 -0.068 2.036 
-0.834 -0.068 2.065 
-0.834 -0.068 2.094 
-0.834 -0.068 2.125 
-0.834 -0.068 2.154 
-0.834 -0.068 2.183 
-0.834 -0.069 2.211 
-0.834 -0.069 2.237 
-0.834 -0.069 2.262 
-0.833 -0.070 2.287 
-0.833 -0.070 2.312 
-0.833 -0.070 2.337 
-0.833 -0.070 2.365 
-0.833 -0.070 2.393 
-0.833 -0.070 2.422 
-0.833 -0.070 2.453 
-0.833 -0.070 2.483 
-0.833 -0.070 2.512 
-0.833 -0.070 2.543 
-0.833 -0.070 2.572 
-0.833 -0.070 2.602 
-0.833 -0.070 2.633 
-0.833 -0.070 2.662 
-0.833 -0.071 2.692 
-0.833 -0.071 2.723 
-0.833 -0.071 2.752 
-0.833 -0.071 2.782 
-0.833 -0.071 2.812 
-0.833 -0.071 2.842 
-0.833 -0.071 2.872 
-0.833 -0.071 2.902 
-0.833 -0.071 2.932 
-0.833 -0.071 2.962 
-0.833 -0.071 2.992 
-0.833 -0.071 3.022 
-0.833 -0.071 3.051 
-0.833 -0.071 3.081 
-0.833 -0.071 3.109 
-0.833 -0.071 3.136 
-0.833 -0.071 -3.118 
-0.833 -0.071 -3.090 
-0.833 -0.071 -3.061 
-0.833 -0.071 -3.030 
-0.833 -0.071 -3.001 
-0.833 -0.071 -2.973 
-0.833 -0.071 -2.945 
-0.833 -0.070 -2.919 
-0.832 -0.070 -2.893 
-0.832 -0.070 -2.867 
-0.832 -0.070 -2.842 
-0.831 -0.070 -2.816 
-0.831 -0.070 -2.789 
-0.831 -0.070 -2.761 
-0.831 -0.070 -2.732 
-0.831 -0.070 -2.702 
-0.831 -0.070 -2.672 
-0.831 -0.070 -2.642 
-0.831 -0.070 -2.612 
-0.831 -0.070 -2.582 
-0.831 -0.070 -2.553 
-0.831 -0.070 -2.522 
-0.831 -0.070 -2.492 
-0.831 -0.070 -2.463 
-0.831 -0.070 -2.432 
-0.831 -0.070 -2.402 
-0.831 -0.070 -2.373 
-0.831 -0.070 -2.342 
-0.831 -0.070 -2.313 
-0.831 -0.070 -2.283 
-0.831 -0.070 -2.252 
-0.831 -0.070 -2.223 
-0.831 -0.070 -2.193 
-0.831 -0.070 -2.162 
-0.831 -0.070 -2.133 
-0.831 -0.070 -2.104 
-0.831 -0.070 -2.075 
-0.831 -0.070 -2.048 
-0.831 -0.071 -2.023 
-0.831 -0.071 -1.997 
-0.831 -0.072 -1.973 
-0.832 -0.072 -1.948 
-0.832 -0.072 -1.921 
-0.832 -0.072 -1.893 
-0.832 -0.072 -1.864 
-0.832 -0.072 -1.834 
-0.832 -0.072 -1.806 
-0.832 -0.072 -1.777 
-0.832 -0.072 -1.747 
-0.832 -0.072 -1.717 
-0.832 -0.072 -1.687 
-0.832 -0.072 -1.657 
-0.832 -0.072 -1.627 
-0.832 -0.072 -1.597 
-0.832 -0.072 -1.567 
-0.832 -0.072 -1.537 
-0.832 -0.072 -1.507 
-0.832 -0.072 -1.477 
-0.832 -0.072 -1.447 
-0.832 -0.072 -1.418 
-0.832 -0.072 -1.387 
-0.832 -0.072 -1.357 
-0.832 -0.072 -1.328 
-0.832 -0.072 -1.297 
-0.832 -0.072 -1.267 
-0.832 -0.072 -1.238 
-0.832 -0.072 -1.207 
-0.832 -0.072 -1.178 
-0.832 -0.072 -1.148 
-0.832 -0.072 -1.117 
-0.832 -0.072 -1.088 
-0.832 -0.072 -1.058 
-0.832 -0.072 -1.027 
-0.832 -0.072 -0.998 
-0.832 -0.072 -0.968 
-0.831 -0.072 -0.939 
-0.831 -0.072 -0.911 
-0.831 -0.073 -0.884 
-0.831 -0.073 -0.856 
-0.831 -0.073 -0.829 
-0.831 -0.073 -0.801 
-0.831 -0.073 -0.771 
-0.831 -0.073 -0.741 
-0.831 -0.073 -0.713 
-0.831 -0.073 -0.685 
-0.831 -0.073 -0.658 
-0.832 -0.072 -0.632 
-0.832 -0.072 -0.606 
-0.832 -0.072 -0.579 
-0.832 -0.072 -0.551 
-0.832 -0.072 -0.521 
-0.832 -0.072 -0.491 
-0.832 -0.072 -0.462 
-0.832 -0.072 -0.431 
-0.832 -0.072 -0.402 
-0.832 -0.072 -0.373 
-0.832 -0.072 -0.349 
-0.833 -0.072 -0.329 
-0.833 -0.072 -0.307 
-0.833 -0.072 -0.284 
-0.833 -0.072 -0.269 
-0.833 -0.072 -0.268 
-0.833 -0.072 -0.269 
-0.832 -0.072 -0.271 
-0.831 -0.072 -0.272 
-0.831 -0.072 -0.271 
-0.832 -0.072 -0.270 
-0.833 -0.072 -0.266 
-0.836 -0.071 -0.261 
-0.839 -0.070 -0.255 
-0.841 -0.069 -0.251 
-0.844 -0.069 -0.249 
-0.845 -0.069 -0.246 
-0.846 -0.068 -0.244 
-0.846 -0.068 -0.244 
-0.845 -0.068 -0.245 
-0.844 -0.069 -0.248 
-0.843 -0.069 -0.252 
-0.841 -0.070 -0.254 
-0.839 -0.070 -0.253 
-0.838 -0.070 -0.250 
-0.838 -0.070 -0.247 
-0.839 -0.070 -0.244 
-0.840 -0.070 -0.241 
-0.842 -0.069 -0.237 
-0.843 -0.069 -0.234 
-0.843 -0.069 -0.233 
-0.843 -0.069 -0.235 
-0.842 -0.069 -0.237 
-0.840 -0.070 -0.242 
-0.838 -0.070 -0.243 
-0.837 -0.071 -0.241 
-0.837 -0.071 -0.239 
-0.837 -0.071 -0.239 
-0.836 -0.071 -0.240 
-0.834 -0.071 -0.243 
-0.832 -0.072 -0.247 
-0.829 -0.073 -0.252 
-0.826 -0.073 -0.252 
-0.822 -0.074 -0.248 
-0.818 -0.075 -0.241 
-0.816 -0.076 -0.233 
-0.814 -0.076 -0.224 
-0.813 -0.077 -0.215 
-0.813 -0.077 -0.204 
-0.814 -0.076 -0.193 
-0.815 -0.076 -0.182 
-0.817 -0.076 -0.170 
-0.820 -0.075 -0.160 
-0.824 -0.075 -0.146 
-0.828 -0.074 -0.128 
-0.832 -0.074 -0.109 
-0.836 -0.073 -0.091 
-0.839 -0.073 -0.073 
-0.841 -0.073 -0.053 
-0.842 -0.073 -0.034 
-0.842 -0.073 -0.012 
-0.842 -0.073 0.009 
-0.841 -0.073 0.030 
-0.839 -0.073 0.050 
-0.837 -0.073 0.067 
-0.835 -0.072 0.080 
-0.832 -0.072 0.091 
-0.829 -0.072 0.099 
-0.827 -0.072 0.110 
-0.825 -0.071 0.126 
-0.824 -0.071 0.145 
-0.824 -0.071 0.168 
-0.824 -0.071 0.196 
-0.825 -0.071 0.225 
-0.826 -0.072 0.256 
-0.827 -0.072 0.283 
-0.828 -0.072 0.304 
-0.828 -0.072 0.318 
-0.828 -0.072 0.328 
-0.829 -0.072 0.332 
-0.828 -0.072 0.334 
-0.828 -0.072 0.335 
-0.827 -0.072 0.338 
-0.826 -0.072 0.342 
-0.824 -0.071 0.348 
-0.823 -0.070 0.347 
-0.822 -0.070 0.342 
-0.821 -0.070 0.337 
-0.822 -0.070 0.335 
-0.823 -0.071 0.333 
-0.825 -0.071 0.331 
-0.827 -0.072 0.328 
-0.829 -0.073 0.323 
-0.831 -0.073 0.316 
-0.833 -0.074 0.311 
-0.834 -0.074 0.305 
-0.835 -0.074 0.301 
-0.836 -0.075 0.300 
-0.836 -0.075 0.295 
-0.836 -0.076 0.292 
-0.836 -0.076 0.291 
-0.836 -0.076 0.291 
-0.836 -0.076 0.291 
-0.836 -0.076 0.291 
-0.837 -0.076 0.291 
-0.837 -0.076 0.290 
-0.837 -0.076 0.290 
-0.837 -0.076 0.290 
-0.837 -0.076 0.290 
-0.837 -0.076 0.290 
-0.837 -0.076 0.290 
-0.837 -0.076 0.290 
-0.837 -0.076 0.290 
-0.837 -0.076 0.290 
-0.837 -0.076 0.290 
-0.837 -0.076 0.290 
-0.837 -0.076 0.290 
-0.837 -0.076 0.290 
-0.837 -0.076 0.290 
-0.837 -0.076 0.290 
-0.837 -0.076 0.290 
-0.837 -0.076 0.290 
-0.837 -0.076 0.290 
-0.837 -0.076 0.290 
-0.837 -0.076 0.290 
-0.837 -0.076 0.290 
-0.837 -0.076 0.290 
-0.837 -0.076 0.290 
-0.837 -0.076 0.290 
-0.837 -0.076 0.290 
-0.837 -0.076 0.290 
-0.837 -0.076 0.290 
-0.837 -0.076 0.290 
-0.837 -0.076 0.290 
-0.837 -0.076 0.290 
-0.837 -0.076 0.290 
-0.837 -0.076 0.290 
-0.837 -0.076 0.290 
-0.837 -0.076 0.290 
-0.837 -0.076 0.290 
-0.837 -0.076 0.290 
-0.837 -0.076 0.290 
-0.837 -0.076 0.290 
-0.837 -0.076 0.290 
-0.837 -0.076 0.290 
-0.837 -0.076 0.290 
-0.837 -0.076 0.290 
-0.837 -0.076 0.290 
-0.837 -0.076 0.290 
-0.837 -0.076 0.289 
-0.837 -0.076 0.289 
-0.837 -0.076 0.289 
-0.837 -0.076 0.289 
-0.837 -0.076 0.290 
-0.837 -0.076 0.290 
-0.837 -0.076 0.290 
-0.837 -0.076 0.290 
-0.837 -0.076 0.290 
-0.837 -0.076 0.290 
-0.837 -0.076 0.290 
-0.837 -0.076 0.290 
-0.837 -0.076 0.290 
-0.837 -0.076 0.290 
-0.837 -0.076 0.290 
-0.837 -0.076 0.290 
-0.837 -0.076 0.290 
-0.837 -0.076 0.290 
-0.837 -0.076 0.290 
-0.837 -0.076 0.290 
-0.837 -0.076 0.290 
-0.837 -0.076 0.290 
-0.837 -0.076 0.289 
-0.837 -0.076 0.289 
-0.837 -0.076 0.288 
-0.837 -0.076 0.287 
-0.837 -0.076 0.287 
-0.837 -0.076 0.287 
-0.837 -0.076 0.287 
-0.837 -0.076 0.288 
-0.837 -0.076 0.288 
-0.837 -0.076 0.288 
-0.837 -0.076 0.288 
-0.837 -0.076 0.288 
-0.837 -0.076 0.288 
-0.837 -0.076 0.288 
-0.837 -0.076 0.288 
-0.837 -0.076 0.288 
-0.837 -0.076 0.288 
-0.837 -0.076 0.288 
-0.837 -0.076 0.288 
-0.837 -0.076 0.288 
-0.837 -0.076 0.288 
-0.837 -0.076 0.288 
-0.837 -0.076 0.288 
-0.837 -0.076 0.287 
-0.837 -0.077 0.285 
-0.837 -0.077 0.283 
-0.837 -0.077 0.281 
-0.837 -0.077 0.279 
-0.837 -0.077 0.279 
-0.837 -0.077 0.279 
-0.837 -0.077 0.279 
-0.837 -0.077 0.279 
-0.837 -0.077 0.279 
-0.837 -0.077 0.279 
-0.837 -0.077 0.280 
-0.837 -0.077 0.280 
-0.837 -0.077 0.281 
-0.837 -0.077 0.281 
-0.837 -0.077 0.281 
-0.837 -0.077 0.281 
-0.837 -0.077 0.281 
-0.837 -0.077 0.281 
-0.837 -0.077 0.281 
-0.837 -0.077 0.281 
-0.837 -0.077 0.281 
-0.837 -0.077 0.280 
-0.837 -0.077 0.279 
-0.837 -0.078 0.277 
-0.837 -0.078 0.275 
-0.837 -0.078 0.273 
-0.837 -0.078 0.271 
-0.837 -0.078 0.270 
-0.837 -0.078 0.270 
-0.837 -0.078 0.270 
-0.837 -0.078 0.270 
-0.837 -0.078 0.270 
-0.837 -0.078 0.270 
-0.837 -0.078 0.271 
-0.837 -0.078 0.271 
-0.837 -0.078 0.271 
-0.837 -0.078 0.271 
-0.837 -0.078 0.271 
-0.837 -0.078 0.272 
-0.837 -0.078 0.272 
-0.837 -0.078 0.272 
-0.837 -0.078 0.272 
-0.837 -0.078 0.272 
-0.837 -0.078 0.272 
-0.837 -0.078 0.271 
-0.837 -0.078 0.270 
-0.837 -0.079 0.269 
-0.837 -0.079 0.268 
-0.837 -0.079 0.267 
-0.837 -0.079 0.267 
-0.837 -0.079 0.267 
-0.837 -0.079 0.267 
-0.837 -0.079 0.267 
-0.837 -0.079 0.267 
-0.837 -0.079 0.267 
-0.837 -0.079 0.267 
-0.837 -0.079 0.267 
-0.837 -0.079 0.267 
-0.837 -0.079 0.267 
-0.837 -0.079 0.267 
-0.837 -0.079 0.267 
-0.837 -0.079 0.267 
-0.837 -0.079 0.267 
-0.837 -0.079 0.267 
-0.837 -0.079 0.268 
-0.837 -0.079 0.268 
-0.837 -0.079 0.268 
-0.837 -0.079 0.267 
-0.837 -0.079 0.267 
-0.837 -0.079 0.267 
-0.837 -0.079 0.267 
-0.837 -0.079 0.267 
-0.837 -0.079 0.267 
-0.837 -0.079 0.267 
-0.837 -0.079 0.267 
-0.837 -0.079 0.267 
-0.837 -0.079 0.267 
-0.837 -0.079 0.267 
-0.837 -0.079 0.267 
-0.837 -0.079 0.267 
-0.837 -0.079 0.267 
-0.837 -0.079 0.267 
-0.837 -0.079 0.267 
-0.837 -0.079 0.267 
-0.837 -0.079 0.267 
-0.837 -0.079 0.267 
-0.837 -0.079 0.267 
-0.837 -0.079 0.267 
-0.837 -0.079 0.267 
-0.837 -0.079 0.267 
-0.837 -0.079 0.267 
-0.837 -0.079 0.267 
-0.837 -0.079 0.267 
-0.837 -0.079 0.267 
-0.837 -0.079 0.267 
-0.837 -0.079 0.267 
-0.837 -0.079 0.267 
-0.837 -0.079 0.267 
-0.837 -0.079 0.267 
-0.837 -0.079 0.267 
-0.837 -0.079 0.267 
-0.837 -0.079 0.267 
-0.837 -0.079 0.267 
-0.837 -0.079 0.267 
-0.837 -0.079 0.267 
-0.838 -0.079 0.267 
-0.838 -0.079 0.267 
-0.838 -0.079 0.267 
-0.838 -0.079 0.267 
-0.838 -0.079 0.267 
-0.838 -0.079 0.267 
-0.838 -0.079 0.267 
-0.838 -0.079 0.266 
-0.838 -0.079 0.266 
-0.838 -0.079 0.266 
-0.838 -0.079 0.266 
-0.838 -0.079 0.266 
-0.838 -0.079 0.266 
-0.838 -0.079 0.266 
-0.838 -0.079 0.266 
-0.838 -0.079 0.266 
-0.838 -0.079 0.266 
-0.838 -0.079 0.266 
-0.838 -0.079 0.266 
-0.838 -0.079 0.266 
-0.838 -0.079 0.266 
-0.838 -0.079 0.266 
-0.838 -0.079 0.266 
-0.838 -0.079 0.266 
-0.838 -0.079 0.266 
-0.838 -0.079 0.266 
-0.838 -0.079 0.266 
-0.838 -0.079 0.266 
-0.838 -0.079 0.266 
-0.838 -0.079 0.265 
-0.838 -0.079 0.263 
-0.838 -0.079 0.261 
-0.838 -0.080 0.260 
-0.838 -0.080 0.259 
-0.838 -0.080 0.259 
-0.838 -0.080 0.259 
-0.838 -0.080 0.259 
-0.838 -0.080 0.259 
-0.838 -0.080 0.259 
-0.838 -0.080 0.260 
-0.838 -0.080 0.260 
-0.838 -0.080 0.260 
-0.838 -0.080 0.261 
-0.838 -0.080 0.261 
-0.838 -0.080 0.261 
-0.838 -0.080 0.261 
-0.838 -0.080 0.261 
-0.838 -0.080 0.261 
-0.838 -0.080 0.261 
-0.838 -0.080 0.261 
-0.838 -0.080 0.261 
-0.838 -0.080 0.260 
-0.838 -0.080 0.259 
-0.838 -0.080 0.256 
-0.838 -0.080 0.254 
-0.838 -0.081 0.252 
-0.838 -0.081 0.250 
-0.838 -0.081 0.249 
-0.838 -0.081 0.249 
-0.838 -0.081 0.249 
-0.838 -0.081 0.249 
-0.838 -0.081 0.249 
-0.838 -0.081 0.249 
-0.838 -0.081 0.249 
-0.838 -0.081 0.249 
-0.838 -0.081 0.249 
-0.838 -0.081 0.250 
-0.838 -0.081 0.250 
-0.838 -0.081 0.250 
-0.838 -0.081 0.250 
-0.838 -0.081 0.250 
-0.838 -0.081 0.250 
-0.838 -0.081 0.250 
-0.838 -0.081 0.250 
-0.838 -0.081 0.250 
-0.838 -0.081 0.248 
-0.838 -0.081 0.247 
-0.838 -0.081 0.245 
-0.838 -0.082 0.244 
-0.838 -0.082 0.244 
-0.838 -0.082 0.244 
-0.838 -0.082 0.244 
-0.838 -0.082 0.244 
-0.838 -0.082 0.244 
-0.838 -0.082 0.244 
-0.838 -0.082 0.244 
-0.838 -0.082 0.244 
-0.838 -0.082 0.244 
-0.838 -0.082 0.244 
-0.838 -0.082 0.244 
-0.838 -0.082 0.244 
-0.838 -0.082 0.244 
-0.838 -0.082 0.244 
-0.838 -0.082 0.245 
-0.838 -0.082 0.245 
-0.838 -0.082 0.245 
-0.838 -0.082 0.245 
-0.838 -0.082 0.244 
-0.838 -0.082 0.244 
-0.838 -0.082 0.244 
-0.838 -0.082 0.244 
-0.838 -0.082 0.244 
-0.838 -0.082 0.244 
-0.838 -0.082 0.244 
-0.838 -0.082 0.244 
-0.838 -0.082 0.244 
-0.838 -0.082 0.244 
-0.838 -0.082 0.244 
-0.838 -0.082 0.244 
-0.838 -0.082 0.244 
-0.838 -0.082 0.244 
-0.838 -0.082 0.244 
-0.838 -0.082 0.244 
-0.838 -0.082 0.244 
-0.838 -0.082 0.244 
-0.838 -0.082 0.244 
-0.838 -0.082 0.244 
-0.838 -0.082 0.244 
-0.838 -0.082 0.244 
-0.838 -0.082 0.243 
-0.838 -0.082 0.243 
-0.838 -0.082 0.243 
-0.838 -0.082 0.243 
-0.838 -0.082 0.243 
-0.838 -0.082 0.243 
-0.838 -0.082 0.243 
-0.838 -0.082 0.243 
-0.838 -0.082 0.243 
-0.838 -0.082 0.243 
-0.839 -0.082 0.243 
-0.839 -0.082 0.243 
-0.839 -0.082 0.243 
-0.839 -0.082 0.243 
-0.839 -0.082 0.243 
-0.839 -0.082 0.243 
-0.839 -0.082 0.243 
-0.839 -0.082 0.243 
-0.839 -0.082 0.243 
-0.839 -0.082 0.243 
-0.839 -0.082 0.243 
-0.839 -0.082 0.243 
-0.839 -0.082 0.243 
-0.839 -0.082 0.243 
-0.839 -0.082 0.242 
-0.839 -0.082 0.242 
-0.839 -0.082 0.242 
-0.839 -0.082 0.243 
-0.839 -0.082 0.243 
-0.839 -0.082 0.243 
-0.839 -0.082 0.243 
-0.839 -0.082 0.243 
-0.839 -0.082 0.243 
-0.839 -0.082 0.243 
-0.839 -0.082 0.243 
-0.839 -0.082 0.243 
-0.839 -0.082 0.243 
-0.839 -0.082 0.243 
-0.839 -0.082 0.243 
-0.839 -0.082 0.243 
-0.839 -0.082 0.243 
-0.839 -0.082 0.243 
-0.839 -0.082 0.243 
-0.839 -0.082 0.243 
-0.839 -0.082 0.243 
-0.839 -0.082 0.242 
-0.839 -0.082 0.240 
-0.839 -0.082 0.239 
-0.839 -0.082 0.238 
-0.839 -0.082 0.238 
-0.839 -0.082 0.238 
-0.839 -0.082 0.238 
-0.839 -0.082 0.238 
-0.839 -0.082 0.238 
-0.839 -0.082 0.238 
-0.839 -0.082 0.238 
-0.839 -0.082 0.238 
-0.839 -0.082 0.238 
-0.839 -0.082 0.238 
-0.839 -0.082 0.238 
-0.839 -0.082 0.238 
-0.839 -0.082 0.238 
-0.839 -0.082 0.238 
-0.839 -0.082 0.238 
-0.839 -0.082 0.238 
-0.839 -0.082 0.238 
-0.839 -0.082 0.238 
-0.839 -0.082 0.237 
-0.839 -0.083 0.235 
-0.839 -0.083 0.233 
-0.839 -0.083 0.230 
-0.839 -0.083 0.228 
-0.839 -0.083 0.227 
-0.839 -0.084 0.227 
-0.839 -0.084 0.227 
-0.839 -0.084 0.227 
-0.839 -0.084 0.227 
-0.839 -0.084 0.227 
-0.839 -0.084 0.227 
-0.839 -0.084 0.227 
-0.839 -0.084 0.227 
-0.839 -0.084 0.228 
-0.839 -0.084 0.228 
-0.839 -0.084 0.228 
-0.839 -0.084 0.228 
-0.839 -0.084 0.228 
-0.839 -0.084 0.228 
-0.839 -0.084 0.228 
-0.839 -0.084 0.228 
-0.839 -0.084 0.227 
-0.839 -0.084 0.226 
-0.839 -0.084 0.225 
-0.839 -0.084 0.223 
-0.839 -0.084 0.222 
-0.839 -0.084 0.221 
-0.839 -0.084 0.221 
-0.839 -0.084 0.221 
-0.839 -0.084 0.221 
-0.839 -0.084 0.221 
-0.839 -0.084 0.221 
-0.839 -0.084 0.221 
-0.839 -0.084 0.221 
-0.839 -0.084 0.221 
-0.839 -0.084 0.221 
-0.839 -0.084 0.221 
-0.839 -0.084 0.221 
-0.839 -0.084 0.221 
-0.839 -0.084 0.221 
-0.839 -0.084 0.221 
-0.839 -0.084 0.222 
-0.839 -0.084 0.222 
-0.839 -0.084 0.222 
-0.839 -0.084 0.221 
-0.839 -0.084 0.221 
-0.839 -0.084 0.221 
-0.839 -0.084 0.221 
-0.839 -0.084 0.221 
-0.839 -0.084 0.221 
-0.839 -0.084 0.221 
-0.839 -0.084 0.221 
-0.839 -0.084 0.221 
-0.839 -0.084 0.221 
-0.839 -0.084 0.221 
-0.839 -0.084 0.221 
-0.839 -0.084 0.221 
-0.839 -0.084 0.221 
-0.839 -0.084 0.221 
-0.839 -0.084 0.221 
-0.839 -0.084 0.221 
-0.839 -0.084 0.221 
-0.839 -0.084 0.221 
-0.839 -0.084 0.221 
-0.839 -0.084 0.221 
-0.839 -0.084 0.221 
-0.839 -0.084 0.220 
-0.839 -0.084 0.220 
-0.839 -0.084 0.221 
-0.839 -0.084 0.221 
-0.839 -0.084 0.221 
-0.839 -0.084 0.221 
-0.839 -0.084 0.221 
-0.839 -0.084 0.221 
-0.839 -0.084 0.221 
-0.839 -0.084 0.221 
-0.839 -0.084 0.221 
-0.839 -0.084 0.221 
-0.839 -0.084 0.221 
-0.839 -0.084 0.221 
-0.839 -0.084 0.221 
-0.840 -0.084 0.221 
-0.840 -0.084 0.221 
-0.840 -0.084 0.221 
-0.840 -0.084 0.221 
-0.840 -0.084 0.221 
-0.840 -0.084 0.220 
-0.840 -0.084 0.220 
-0.840 -0.085 0.218 
-0.840 -0.085 0.217 
-0.840 -0.085 0.216 
-0.840 -0.085 0.216 
-0.840 -0.085 0.216 
-0.840 -0.085 0.216 
-0.840 -0.085 0.216 
-0.840 -0.085 0.216 
-0.840 -0.085 0.217 
-0.840 -0.085 0.217 
-0.840 -0.085 0.217 
-0.840 -0.085 0.218 
-0.840 -0.085 0.218 
-0.840 -0.085 0.218 
-0.840 -0.085 0.218 
-0.840 -0.085 0.218 
-0.840 -0.085 0.218 
-0.840 -0.085 0.218 
-0.840 -0.085 0.218 
-0.840 -0.085 0.218 
-0.840 -0.085 0.217 
-0.840 -0.085 0.216 
-0.840 -0.085 0.214 
-0.840 -0.085 0.211 
-0.840 -0.086 0.209 
-0.840 -0.086 0.207 
-0.840 -0.086 0.206 
-0.840 -0.086 0.206 
-0.840 -0.086 0.206 
-0.840 -0.086 0.206 
-0.840 -0.086 0.206 
-0.840 -0.086 0.206 
-0.840 -0.086 0.206 
-0.840 -0.086 0.206 
-0.840 -0.086 0.206 
-0.840 -0.086 0.206 
-0.840 -0.086 0.207 
-0.840 -0.086 0.207 
-0.840 -0.086 0.207 
-0.840 -0.086 0.207 
-0.840 -0.086 0.207 
-0.840 -0.086 0.207 
-0.840 -0.086 0.207 
-0.840 -0.086 0.206 
-0.840 -0.086 0.205 
-0.840 -0.086 0.204 
-0.840 -0.086 0.203 
-0.840 -0.086 0.203 
-0.840 -0.086 0.203 
-0.840 -0.086 0.203 
-0.840 -0.086 0.203 
-0.840 -0.086 0.203 
-0.840 -0.086 0.203 
-0.840 -0.086 0.203 
-0.840 -0.086 0.203 
-0.840 -0.086 0.203 
-0.840 -0.086 0.203 
-0.840 -0.086 0.203 
-0.840 -0.086 0.203 
-0.840 -0.086 0.203 
-0.840 -0.086 0.203 
-0.840 -0.086 0.203 
-0.840 -0.086 0.203 
-0.840 -0.086 0.203 
-0.840 -0.086 0.203 
-0.840 -0.086 0.203 
-0.840 -0.086 0.203 
-0.840 -0.086 0.203 
-0.840 -0.086 0.203 
-0.840 -0.086 0.203 
-0.840 -0.086 0.203 
-0.840 -0.086 0.203 
-0.840 -0.086 0.203 
-0.840 -0.086 0.203 
-0.840 -0.086 0.203 
-0.840 -0.086 0.203 
-0.840 -0.086 0.203 
-0.840 -0.086 0.203 
-0.840 -0.086 0.203 
-0.840 -0.086 0.203 
-0.840 -0.086 0.203 
-0.840 -0.086 0.203 
-0.840 -0.086 0.203 
-0.840 -0.086 0.203 
-0.840 -0.086 0.202 
-0.840 -0.086 0.202 
-0.840 -0.086 0.202 
-0.840 -0.087 0.201 
-0.840 -0.087 0.201 
-0.840 -0.087 0.201 
-0.840 -0.087 0.201 
-0.840 -0.087 0.201 
-0.840 -0.087 0.201 
-0.840 -0.087 0.201 
-0.840 -0.087 0.201 
-0.840 -0.087 0.201 
-0.840 -0.087 0.201 
-0.840 -0.087 0.201 
-0.840 -0.087 0.201 
-0.840 -0.087 0.201 
-0.840 -0.087 0.201 
-0.840 -0.087 0.201 
-0.840 -0.087 0.201 
-0.840 -0.087 0.201 
-0.840 -0.087 0.201 
-0.840 -0.087 0.201 
-0.840 -0.087 0.201 
-0.840 -0.087 0.205 
-0.840 -0.086 0.217 
-0.839 -0.086 0.237 
-0.838 -0.086 0.258 
-0.838 -0.086 0.279 
-0.837 -0.086 0.299 
-0.836 -0.085 0.319 
-0.835 -0.085 0.340 
-0.834 -0.085 0.362 
-0.834 -0.085 0.385 
-0.833 -0.084 0.409 
-0.833 -0.084 0.437 
-0.833 -0.084 0.466 
-0.833 -0.084 0.496 
-0.833 -0.084 0.527 
-0.833 -0.084 0.556 
-0.833 -0.084 0.585 
-0.833 -0.084 0.614 
-0.834 -0.085 0.641 
-0.834 -0.085 0.666 
-0.834 -0.085 0.691 
-0.835 -0.085 0.715 
-0.835 -0.086 0.740 
-0.835 -0.086 0.765 
-0.836 -0.086 0.791 
-0.836 -0.086 0.819 
-0.836 -0.086 0.849 
-0.836 -0.086 0.878 
-0.836 -0.086 0.908 
-0.836 -0.086 0.939 
-0.836 -0.086 0.968 
-0.836 -0.086 0.998 
-0.836 -0.086 1.029 
-0.836 -0.086 1.058 
-0.836 -0.086 1.088 
-0.836 -0.086 1.118 
-0.836 -0.086 1.148 
-0.836 -0.086 1.178 
-0.836 -0.086 1.208 
-0.836 -0.086 1.238 
-0.836 -0.086 1.267 
-0.836 -0.086 1.297 
-0.836 -0.086 1.325 
-0.836 -0.086 1.352 
-0.836 -0.085 1.378 
-0.836 -0.085 1.404 
-0.836 -0.085 1.430 
-0.835 -0.085 1.458 
-0.835 -0.085 1.487 
-0.835 -0.085 1.516 
-0.835 -0.085 1.547 
-0.835 -0.085 1.577 
-0.835 -0.085 1.606 
-0.835 -0.085 1.637 
-0.836 -0.085 1.666 
-0.836 -0.085 1.696 
-0.835 -0.085 1.725 
-0.835 -0.085 1.753 
-0.835 -0.085 1.779 
-0.835 -0.085 1.806 
-0.835 -0.086 1.832 
-0.835 -0.086 1.857 
-0.835 -0.086 1.884 
-0.835 -0.087 1.911 
-0.835 -0.087 1.938 
-0.835 -0.087 1.969 
-0.835 -0.087 1.998 
-0.835 -0.087 2.028 
-0.835 -0.087 2.059 
-0.835 -0.087 2.088 
-0.835 -0.087 2.118 
-0.835 -0.087 2.148 
-0.835 -0.087 2.178 
-0.835 -0.087 2.208 
-0.835 -0.087 2.238 
-0.835 -0.087 2.268 
-0.835 -0.087 2.298 
-0.835 -0.087 2.328 
-0.835 -0.087 2.358 
-0.835 -0.087 2.388 
-0.835 -0.087 2.418 
-0.835 -0.087 2.446 
-0.835 -0.087 2.473 
-0.836 -0.087 2.500 
-0.836 -0.086 2.525 
-0.836 -0.086 2.550 
-0.837 -0.086 2.576 
-0.837 -0.086 2.602 
-0.837 -0.086 2.630 
-0.837 -0.086 2.660 
-0.837 -0.086 2.689 
-0.837 -0.086 2.719 
-0.837 -0.086 2.750 
-0.837 -0.086 2.779 
-0.837 -0.086 2.809 
-0.837 -0.086 2.839 
-0.837 -0.086 2.867 
-0.837 -0.086 2.895 
-0.837 -0.086 2.924 
-0.837 -0.086 2.953 
-0.837 -0.086 2.982 
-0.837 -0.086 3.013 
-0.837 -0.086 3.042 
-0.837 -0.086 3.072 
-0.837 -0.086 3.103 
-0.837 -0.086 3.132 
-0.837 -0.086 -3.121 
-0.837 -0.086 -3.091 
-0.837 -0.086 -3.061 
-0.837 -0.086 -3.031 
-0.837 -0.086 -3.001 
-0.837 -0.086 -2.971 
-0.837 -0.086 -2.941 
-0.837 -0.086 -2.911 
-0.837 -0.086 -2.881 
-0.837 -0.086 -2.852 
-0.837 -0.086 -2.821 
-0.837 -0.086 -2.791 
-0.837 -0.086 -2.762 
-0.837 -0.086 -2.731 
-0.837 -0.086 -2.702 
-0.837 -0.086 -2.674 
-0.837 -0.086 -2.645 
-0.837 -0.086 -2.618 
-0.837 -0.086 -2.590 
-0.837 -0.086 -2.560 
-0.837 -0.086 -2.531 
-0.837 -0.086 -2.501 
-0.837 -0.086 -2.471 
-0.837 -0.086 -2.441 
-0.837 -0.086 -2.411 
-0.837 -0.086 -2.381 
-0.837 -0.086 -2.351 
-0.837 -0.086 -2.322 
-0.837 -0.086 -2.293 
-0.837 -0.086 -2.266 
-0.837 -0.086 -2.240 
-0.836 -0.085 -2.214 
-0.836 -0.085 -2.188 
-0.836 -0.085 -2.162 
-0.836 -0.085 -2.134 
-0.836 -0.085 -2.106 
-0.836 -0.085 -2.076 
-0.836 -0.085 -2.045 
-0.836 -0.085 -2.016 
-0.836 -0.085 -1.986 
-0.836 -0.085 -1.955 
-0.836 -0.085 -1.926 
-0.836 -0.085 -1.896 
-0.836 -0.085 -1.865 
-0.836 -0.085 -1.836 
-0.836 -0.085 -1.806 
-0.836 -0.085 -1.776 
-0.836 -0.085 -1.746 
-0.836 -0.085 -1.716 
-0.836 -0.085 -1.686 
-0.836 -0.085 -1.656 
-0.836 -0.085 -1.626 
-0.836 -0.085 -1.596 
-0.836 -0.085 -1.568 
-0.836 -0.085 -1.540 
-0.836 -0.085 -1.511 
-0.836 -0.085 -1.483 
-0.836 -0.085 -1.454 
-0.836 -0.085 -1.423 
-0.836 -0.085 -1.394 
-0.836 -0.085 -1.364 
-0.836 -0.085 -1.333 
-0.836 -0.085 -1.304 
-0.836 -0.085 -1.274 
-0.836 -0.085 -1.244 
-0.836 -0.085 -1.214 
-0.836 -0.085 -1.186 
-0.836 -0.085 -1.158 
-0.836 -0.085 -1.132 
-0.836 -0.084 -1.108 
-0.836 -0.084 -1.084 
-0.837 -0.083 -1.061 
-0.837 -0.083 -1.038 
-0.837 -0.082 -1.013 
-0.838 -0.082 -0.989 
-0.838 -0.081 -0.962 
-0.838 -0.081 -0.933 
-0.838 -0.081 -0.903 
-0.838 -0.081 -0.873 
-0.838 -0.081 -0.843 
-0.838 -0.081 -0.813 
-0.838 -0.081 -0.783 
-0.838 -0.081 -0.753 
-0.838 -0.081 -0.723 
-0.838 -0.081 -0.694 
-0.838 -0.081 -0.663 
-0.838 -0.081 -0.633 
-0.838 -0.081 -0.604 
-0.838 -0.081 -0.573 
-0.838 -0.081 -0.544 
-0.838 -0.081 -0.514 
-0.838 -0.081 -0.484 
-0.837 -0.081 -0.457 
-0.837 -0.082 -0.431 
-0.837 -0.082 -0.406 
-0.836 -0.082 -0.382 
-0.836 -0.082 -0.358 
-0.835 -0.082 -0.333 
-0.835 -0.082 -0.308 
-0.835 -0.083 -0.281 
-0.834 -0.083 -0.252 
-0.834 -0.083 -0.223 
-0.834 -0.083 -0.193 
-0.834 -0.083 -0.162 
-0.834 -0.083 -0.133 
-0.834 -0.083 -0.103 
-0.835 -0.083 -0.073 
-0.835 -0.083 -0.045 
-0.835 -0.083 -0.017 
-0.835 -0.083 0.011 
-0.835 -0.083 0.038 
-0.835 -0.083 0.067 
-0.835 -0.083 0.097 
-0.835 -0.083 0.125 
-0.835 -0.083 0.153 
-0.836 -0.083 0.176 
-0.836 -0.083 0.195 
-0.836 -0.083 0.216 
-0.836 -0.083 0.237 
-0.836 -0.083 0.258 
-0.836 -0.083 0.278 
-0.837 -0.083 0.299 
-0.839 -0.084 0.318 
-0.839 -0.084 0.318 
-0.839 -0.084 0.316 
-0.839 -0.084 0.314 
-0.839 -0.084 0.314 
-0.839 -0.084 0.314 
-0.839 -0.084 0.314 
-0.839 -0.084 0.314 
-0.839 -0.084 0.314 
-0.839 -0.084 0.314 
-0.839 -0.084 0.314 
-0.839 -0.084 0.314 
-0.839 -0.084 0.314 
-0.839 -0.084 0.314 
-0.839 -0.084 0.314 
-0.839 -0.084 0.314 
-0.839 -0.084 0.314 
-0.839 -0.084 0.314 
-0.839 -0.084 0.314 
-0.839 -0.084 0.314 
-0.839 -0.084 0.314 
-0.839 -0.084 0.314 
-0.839 -0.084 0.314 
-0.839 -0.084 0.314 
-0.839 -0.084 0.314 
-0.839 -0.084 0.314 
-0.839 -0.084 0.314 
-0.839 -0.084 0.314 
-0.839 -0.084 0.314 
-0.839 -0.084 0.314 
-0.839 -0.084 0.313 
-0.839 -0.084 0.313 
-0.839 -0.084 0.313 
-0.839 -0.084 0.314 
-0.839 -0.084 0.314 
-0.839 -0.084 0.314 
-0.839 -0.084 0.314 
-0.839 -0.084 0.314 
-0.839 -0.084 0.314 
-0.839 -0.084 0.314 
-0.839 -0.084 0.314 
-0.839 -0.084 0.314 
-0.839 -0.084 0.314 
-0.839 -0.084 0.314 
-0.839 -0.084 0.314 
-0.839 -0.084 0.314 
-0.839 -0.084 0.314 
-0.839 -0.084 0.314 
-0.839 -0.084 0.314 
-0.839 -0.084 0.314 
-0.839 -0.084 0.314 
-0.839 -0.084 0.314 
-0.839 -0.084 0.314 
-0.839 -0.084 0.313 
-0.839 -0.084 0.313 
-0.839 -0.084 0.313 
-0.839 -0.084 0.313 
-0.839 -0.084 0.313 
-0.839 -0.084 0.313 
-0.839 -0.084 0.313 
-0.839 -0.084 0.313 
-0.839 -0.084 0.313 
-0.839 -0.084 0.314 
-0.839 -0.084 0.314 
-0.839 -0.084 0.314 
-0.839 -0.084 0.314 
-0.839 -0.084 0.314 
-0.839 -0.084 0.314 
-0.839 -0.084 0.314 
-0.839 -0.084 0.314 
-0.839 -0.084 0.314 
-0.839 -0.084 0.314 
-0.839 -0.084 0.314 
-0.839 -0.084 0.314 
-0.839 -0.084 0.314 
-0.839 -0.084 0.314 
-0.839 -0.084 0.314 
-0.839 -0.084 0.313 
-0.839 -0.085 0.313 
-0.839 -0.085 0.312 
-0.839 -0.085 0.312 
-0.839 -0.085 0.312 
-0.839 -0.085 0.313 
-0.839 -0.085 0.313 
-0.839 -0.085 0.313 
-0.839 -0.085 0.313 
-0.839 -0.085 0.313 
-0.839 -0.085 0.313 
-0.839 -0.085 0.313 
-0.839 -0.085 0.313 
-0.839 -0.085 0.313 
-0.839 -0.085 0.313 
-0.839 -0.085 0.313 
-0.839 -0.085 0.313 
-0.839 -0.085 0.313 
-0.839 -0.085 0.313 
-0.839 -0.085 0.313 
-0.839 -0.085 0.313 
-0.839 -0.085 0.313 
-0.839 -0.085 0.313 
-0.839 -0.085 0.313 
-0.839 -0.085 0.312 
-0.839 -0.085 0.311 
-0.839 -0.085 0.310 
-0.839 -0.085 0.309 
-0.839 -0.085 0.309 
-0.839 -0.085 0.309 
-0.839 -0.085 0.309 
-0.839 -0.085 0.310 
-0.839 -0.085 0.310 
-0.839 -0.085 0.310 
-0.839 -0.085 0.310 
-0.839 -0.085 0.310 
-0.839 -0.085 0.310 
-0.839 -0.085 0.310 
-0.839 -0.085 0.310 
-0.839 -0.085 0.310 
-0.839 -0.085 0.310 
-0.839 -0.085 0.310 
-0.839 -0.085 0.310 
-0.839 -0.085 0.310 
-0.839 -0.085 0.310 
-0.839 -0.085 0.310 
-0.839 -0.085 0.310 
-0.839 -0.085 0.309 
-0.839 -0.085 0.308 
-0.839 -0.085 0.306 
-0.839 -0.086 0.305 
-0.840 -0.086 0.304 
-0.840 -0.086 0.304 
-0.840 -0.086 0.304 
-0.840 -0.086 0.304 
-0.840 -0.086 0.304 
-0.840 -0.086 0.304 
-0.840 -0.086 0.305 
-0.840 -0.086 0.305 
-0.840 -0.086 0.305 
-0.840 -0.086 0.306 
-0.840 -0.086 0.306 
-0.840 -0.086 0.306 
-0.840 -0.086 0.306 
-0.840 -0.086 0.306 
-0.840 -0.086 0.306 
-0.840 -0.086 0.306 
-0.840 -0.086 0.306 
-0.840 -0.086 0.306 
-0.840 -0.086 0.306 
-0.840 -0.086 0.305 
-0.840 -0.086 0.304 
-0.840 -0.086 0.303 
-0.840 -0.086 0.300 
-0.840 -0.086 0.298 
-0.840 -0.087 0.297 
-0.840 -0.087 0.297 
-0.840 -0.087 0.297 
-0.840 -0.087 0.297 
-0.840 -0.087 0.297 
-0.840 -0.087 0.297 
-0.840 -0.087 0.297 
-0.840 -0.087 0.297 
-0.840 -0.087 0.298 
-0.840 -0.087 0.298 
-0.840 -0.087 0.298 
-0.840 -0.087 0.298 
-0.840 -0.087 0.298 
-0.840 -0.087 0.298 
-0.840 -0.087 0.298 
-0.840 -0.087 0.298 
-0.840 -0.087 0.298 
-0.840 -0.087 0.298 
-0.840 -0.087 0.298 
-0.840 -0.087 0.297 
-0.840 -0.087 0.296 
-0.840 -0.087 0.293 
-0.840 -0.087 0.291 
-0.840 -0.088 0.289 
-0.840 -0.088 0.287 
-0.840 -0.088 0.287 
-0.840 -0.088 0.287 
-0.840 -0.088 0.287 
-0.840 -0.088 0.287 
-0.840 -0.088 0.287 
-0.840 -0.088 0.287 
-0.840 -0.088 0.288 
-0.840 -0.088 0.288 
-0.840 -0.088 0.289 
-0.840 -0.088 0.289 
-0.840 -0.088 0.289 
-0.840 -0.088 0.289 
-0.840 -0.088 0.289 
-0.840 -0.088 0.289 
-0.840 -0.088 0.289 
-0.840 -0.088 0.289 
-0.840 -0.088 0.289 
-0.840 -0.088 0.288 
-0.840 -0.088 0.287 
-0.840 -0.088 0.285 
-0.840 -0.088 0.283 
-0.840 -0.089 0.281 
-0.840 -0.089 0.280 
-0.841 -0.089 0.279 
-0.841 -0.089 0.279 
-0.841 -0.089 0.278 
-0.841 -0.089 0.277 
-0.841 -0.089 0.277 
-0.841 -0.089 0.277 
-0.841 -0.089 0.277 
-0.841 -0.089 0.277 
-0.840 -0.089 0.279 
-0.839 -0.089 0.281 
-0.838 -0.088 0.284 
-0.836 -0.088 0.290 
-0.835 -0.087 0.294 
-0.835 -0.087 0.295 
-0.835 -0.087 0.295 
-0.836 -0.088 0.291 
-0.838 -0.088 0.286 
-0.841 -0.089 0.287 
-0.841 -0.090 0.283 
-0.841 -0.090 0.282 
-0.841 -0.090 0.285 
-0.840 -0.089 0.288 
-0.838 -0.089 0.292 
-0.836 -0.088 0.297 
-0.833 -0.087 0.301 
-0.829 -0.086 0.299 
-0.826 -0.085 0.295 
-0.824 -0.085 0.289 
-0.823 -0.084 0.282 
-0.822 -0.084 0.283 
-0.821 -0.084 0.287 
-0.820 -0.083 0.292 
-0.817 -0.083 0.300 
-0.814 -0.082 0.310 
-0.811 -0.081 0.322 
-0.807 -0.079 0.337 
-0.803 -0.078 0.352 
-0.800 -0.077 0.368 
-0.796 -0.075 0.382 
-0.793 -0.074 0.397 
-0.790 -0.073 0.410 
-0.787 -0.071 0.423 
-0.785 -0.070 0.435 
-0.783 -0.069 0.446 
-0.781 -0.069 0.456 
-0.780 -0.068 0.464 
-0.779 -0.068 0.471 
-0.779 -0.068 0.477 
-0.780 -0.068 0.484 
-0.781 -0.068 0.492 
-0.782 -0.069 0.502 
-0.785 -0.070 0.514 
-0.788 -0.072 0.527 
-0.791 -0.074 0.545 
-0.794 -0.076 0.564 
-0.797 -0.078 0.583 
-0.800 -0.080 0.600 
-0.802 -0.081 0.616 
-0.803 -0.082 0.634 
-0.804 -0.083 0.653 
-0.804 -0.083 0.673 
-0.804 -0.083 0.692 
-0.803 -0.082 0.710 
-0.803 -0.082 0.724 
-0.803 -0.081 0.735 
-0.803 -0.082 0.742 
-0.804 -0.082 0.747 
-0.805 -0.083 0.747 
-0.806 -0.085 0.741 
-0.808 -0.086 0.728 
-0.810 -0.088 0.707 
-0.812 -0.090 0.681 
-0.815 -0.093 0.651 
-0.819 -0.095 0.622 
-0.823 -0.098 0.601 
-0.827 -0.101 0.593 
-0.830 -0.103 0.591 
-0.833 -0.105 0.587 
-0.836 -0.107 0.578 
-0.838 -0.108 0.565 
-0.841 -0.110 0.548 
-0.843 -0.111 0.529 
-0.844 -0.112 0.506 
-0.845 -0.112 0.480 
-0.846 -0.113 0.449 
-0.846 -0.113 0.415 
-0.845 -0.113 0.378 
-0.844 -0.112 0.336 
-0.843 -0.112 0.293 
-0.841 -0.111 0.253 
-0.840 -0.111 0.219 
-0.839 -0.111 0.186 
-0.838 -0.110 0.154 
-0.836 -0.110 0.120 
-0.835 -0.110 0.090 
-0.834 -0.110 0.063 
-0.833 -0.110 0.037 
-0.831 -0.110 0.014 
-0.829 -0.110 -0.010 
-0.827 -0.110 -0.035 
-0.824 -0.110 -0.062 
-0.821 -0.110 -0.090 
-0.817 -0.111 -0.124 
-0.813 -0.111 -0.160 
-0.809 -0.112 -0.193 
-0.807 -0.113 -0.223 
-0.805 -0.113 -0.248 
-0.803 -0.113 -0.269 
-0.803 -0.114 -0.287 
-0.802 -0.114 -0.299 
-0.803 -0.114 -0.303 
-0.804 -0.113 -0.301 
-0.805 -0.113 -0.295 
-0.806 -0.113 -0.288 
-0.809 -0.112 -0.279 
-0.811 -0.111 -0.274 
-0.814 -0.110 -0.268 
-0.818 -0.109 -0.258 
-0.822 -0.108 -0.256 
-0.824 -0.108 -0.258 
-0.826 -0.107 -0.258 
-0.827 -0.107 -0.257 
-0.828 -0.107 -0.257 
-0.827 -0.107 -0.258 
-0.825 -0.107 -0.261 
-0.823 -0.108 -0.266 
-0.820 -0.109 -0.274 
-0.817 -0.110 -0.281 
-0.814 -0.111 -0.284 
-0.811 -0.111 -0.285 
-0.810 -0.112 -0.285 
-0.808 -0.112 -0.287 
-0.806 -0.113 -0.291 
-0.804 -0.114 -0.299 
-0.801 -0.115 -0.307 
-0.798 -0.115 -0.315 
-0.795 -0.116 -0.323 
-0.792 -0.117 -0.329 
-0.790 -0.118 -0.333 
-0.788 -0.119 -0.335 
-0.786 -0.119 -0.337 
-0.785 -0.120 -0.337 
-0.784 -0.120 -0.334 
-0.783 -0.120 -0.328 
-0.783 -0.121 -0.319 
-0.783 -0.120 -0.308 
-0.784 -0.120 -0.297 
-0.785 -0.120 -0.285 
-0.787 -0.119 -0.272 
-0.790 -0.118 -0.259 
-0.794 -0.117 -0.245 
-0.798 -0.117 -0.228 
-0.802 -0.116 -0.212 
-0.806 -0.115 -0.196 
-0.810 -0.114 -0.181 
-0.814 -0.113 -0.165 
-0.818 -0.113 -0.148 
-0.823 -0.112 -0.132 
-0.826 -0.112 -0.114 
-0.830 -0.111 -0.094 
-0.833 -0.111 -0.077 
-0.837 -0.111 -0.065 
-0.840 -0.110 -0.053 
-0.844 -0.110 -0.041 
-0.848 -0.110 -0.027 
-0.850 -0.110 -0.013 
-0.852 -0.110 -0.002 
-0.853 -0.110 0.001 
-0.853 -0.110 0.001 
-0.853 -0.110 0.001 
-0.853 -0.110 0.001 
-0.853 -0.110 0.001 
-0.853 -0.110 0.003 
-0.852 -0.110 0.011 
-0.852 -0.110 0.022 
-0.850 -0.110 0.031 
-0.848 -0.110 0.037 
-0.846 -0.110 0.041 
-0.843 -0.110 0.051 
-0.839 -0.110 0.058 
-0.835 -0.109 0.066 
-0.832 -0.109 0.074 
-0.828 -0.109 0.074 
-0.824 -0.109 0.070 
-0.820 -0.108 0.066 
-0.816 -0.108 0.059 
-0.812 -0.108 0.048 
-0.807 -0.108 0.038 
-0.803 -0.107 0.026 
-0.799 -0.107 0.012 
-0.795 -0.107 -0.000 
-0.791 -0.107 -0.010 
-0.787 -0.107 -0.018 
-0.783 -0.108 -0.025 
-0.780 -0.108 -0.031 
-0.776 -0.108 -0.033 
-0.773 -0.108 -0.036 
-0.770 -0.108 -0.041 
-0.767 -0.108 -0.048 
-0.763 -0.108 -0.054 
-0.760 -0.109 -0.057 
-0.757 -0.109 -0.058 
-0.755 -0.109 -0.058 
-0.754 -0.109 -0.057 
-0.754 -0.109 -0.053 
-0.755 -0.109 -0.048 
-0.756 -0.109 -0.040 
-0.758 -0.109 -0.028 
-0.760 -0.109 -0.013 
-0.763 -0.109 -0.001 
-0.765 -0.109 0.009 
-0.767 -0.109 0.020 
-0.770 -0.109 0.028 
-0.773 -0.109 0.030 
-0.775 -0.109 0.031 
-0.778 -0.109 0.029 
-0.781 -0.109 0.026 
-0.784 -0.109 0.023 
-0.788 -0.109 0.018 
-0.791 -0.109 0.011 
-0.795 -0.109 0.007 
-0.798 -0.109 0.007 
-0.801 -0.109 0.008 
-0.802 -0.109 0.009 
-0.803 -0.109 0.012 
-0.803 -0.109 0.016 
-0.802 -0.109 0.022 
-0.801 -0.109 0.032 
-0.800 -0.109 0.048 
-0.798 -0.109 0.067 
-0.796 -0.109 0.087 
-0.793 -0.109 0.107 
-0.791 -0.108 0.127 
-0.788 -0.108 0.141 
-0.786 -0.108 0.152 
-0.784 -0.107 0.162 
-0.782 -0.107 0.170 
-0.781 -0.107 0.174 
-0.779 -0.107 0.176 
-0.777 -0.106 0.180 
-0.776 -0.106 0.186 
-0.775 -0.106 0.195 
-0.774 -0.106 0.208 
-0.774 -0.106 0.224 
-0.775 -0.106 0.242 
-0.775 -0.106 0.261 
-0.776 -0.106 0.279 
-0.777 -0.106 0.292 
-0.778 -0.107 0.302 
-0.779 -0.107 0.310 
-0.781 -0.108 0.315 
-0.782 -0.108 0.321 
-0.784 -0.109 0.328 
-0.787 -0.110 0.333 
-0.790 -0.111 0.338 
-0.794 -0.112 0.344 
-0.799 -0.114 0.356 
-0.803 -0.116 0.370 
-0.808 -0.117 0.383 
-0.812 -0.119 0.396 
-0.817 -0.121 0.407 
-0.823 -0.124 0.418 
-0.828 -0.126 0.428 
-0.833 -0.128 0.441 
-0.838 -0.131 0.454 
-0.843 -0.133 0.467 
-0.847 -0.136 0.483 
-0.853 -0.138 0.501 
-0.858 -0.141 0.524 
-0.863 -0.144 0.542 
-0.868 -0.147 0.563 
-0.873 -0.151 0.589 
-0.878 -0.154 0.615 
-0.884 -0.158 0.640 
-0.890 -0.163 0.661 
-0.895 -0.167 0.680 
-0.900 -0.171 0.698 
-0.905 -0.176 0.714 
-0.910 -0.180 0.724 
-0.916 -0.185 0.728 
-0.921 -0.190 0.735 
-0.926 -0.194 0.736 
-0.931 -0.199 0.730 
-0.937 -0.204 0.723 
-0.941 -0.208 0.712 
-0.946 -0.212 0.701 
-0.951 -0.216 0.694 
-0.956 -0.220 0.683 
-0.961 -0.224 0.672 
-0.966 -0.228 0.661 
-0.971 -0.232 0.647 
-0.976 -0.236 0.628 
-0.982 -0.240 0.610 
-0.987 -0.243 0.593 
-0.992 -0.247 0.578 
-0.998 -0.250 0.565 
-1.004 -0.254 0.552 
-1.010 -0.258 0.536 
-1.016 -0.261 0.521 
-1.022 -0.265 0.507 
-1.029 -0.268 0.494 
-1.035 -0.272 0.480 
-1.041 -0.275 0.464 
-1.048 -0.278 0.445 
-1.054 -0.281 0.428 
-1.061 -0.284 0.410 
-1.068 -0.287 0.392 
-1.074 -0.290 0.380 
-1.080 -0.292 0.369 
-1.087 -0.295 0.357 
-1.094 -0.297 0.345 
-1.100 -0.299 0.332 
-1.107 -0.302 0.322 
-1.114 -0.304 0.313 
-1.121 -0.306 0.300 
-1.128 -0.308 0.285 
-1.134 -0.310 0.273 
-1.141 -0.312 0.260 
-1.148 -0.314 0.248 
-1.155 -0.316 0.236 
-1.162 -0.317 0.224 
-1.170 -0.319 0.212 
-1.177 -0.320 0.199 
-1.184 -0.322 0.184 
-1.191 -0.323 0.171 
-1.198 -0.324 0.159 
-1.205 -0.325 0.147 
-1.212 -0.326 0.136 
-1.219 -0.327 0.126 
-1.226 -0.328 0.117 
-1.234 -0.329 0.108 
-1.241 -0.330 0.099 
-1.248 -0.330 0.091 
-1.256 -0.331 0.082 
-1.263 -0.331 0.074 
-1.270 -0.332 0.066 
-1.278 -0.332 0.058 
-1.285 -0.333 0.052 
-1.292 -0.333 0.047 
-1.299 -0.334 0.040 
-1.306 -0.334 0.033 
-1.313 -0.334 0.026 
-1.321 -0.334 0.019 
-1.328 -0.334 0.013 
-1.336 -0.334 0.007 
-1.343 -0.334 0.001 
-1.350 -0.334 -0.006 
-1.357 -0.334 -0.011 
-1.365 -0.334 -0.016 
-1.372 -0.334 -0.021 
-1.379 -0.334 -0.025 
-1.386 -0.334 -0.029 
-1.393 -0.333 -0.034 
-1.401 -0.333 -0.041 
-1.408 -0.333 -0.049 
-1.415 -0.333 -0.057 
-1.422 -0.332 -0.064 
-1.430 -0.332 -0.070 
-1.437 -0.331 -0.077 
-1.444 -0.330 -0.085 
-1.452 -0.330 -0.093 
-1.459 -0.329 -0.101 
-1.466 -0.328 -0.109 
-1.473 -0.328 -0.115 
-1.480 -0.327 -0.120 
-1.487 -0.326 -0.127 
-1.495 -0.325 -0.136 
-1.502 -0.324 -0.145 
-1.509 -0.323 -0.160 
-1.517 -0.322 -0.180 
-1.524 -0.320 -0.200 
-1.531 -0.319 -0.221 
-1.538 -0.317 -0.242 
-1.545 -0.315 -0.259 
-1.552 -0.313 -0.273 
-1.559 -0.311 -0.284 
-1.565 -0.309 -0.293 
-1.572 -0.307 -0.304 
-1.579 -0.305 -0.317 
-1.586 -0.303 -0.329 
-1.593 -0.300 -0.342 
-1.600 -0.298 -0.356 
-1.607 -0.295 -0.369 
-1.613 -0.293 -0.382 
-1.620 -0.290 -0.395 
-1.627 -0.287 -0.408 
-1.633 -0.284 -0.423 
-1.640 -0.281 -0.441 
-1.646 -0.278 -0.458 
-1.652 -0.275 -0.475 
-1.659 -0.272 -0.493 
-1.665 -0.268 -0.511 
-1.671 -0.265 -0.525 
-1.677 -0.261 -0.538 
-1.683 -0.257 -0.550 
-1.689 -0.254 -0.564 
-1.696 -0.250 -0.578 
-1.702 -0.246 -0.593 
-1.707 -0.242 -0.605 
-1.713 -0.238 -0.616 
-1.719 -0.233 -0.626 
-1.725 -0.229 -0.635 
-1.731 -0.225 -0.644 
-1.736 -0.220 -0.654 
-1.742 -0.216 -0.668 
-1.748 -0.211 -0.687 
-1.753 -0.207 -0.706 
-1.759 -0.202 -0.724 
-1.764 -0.198 -0.741 
-1.769 -0.193 -0.759 
-1.774 -0.188 -0.778 
-1.779 -0.183 -0.798 
-1.783 -0.179 -0.819 
-1.787 -0.174 -0.835 
-1.792 -0.169 -0.849 
-1.797 -0.163 -0.868 
-1.801 -0.158 -0.890 
-1.806 -0.152 -0.913 
-1.810 -0.147 -0.934 
-1.814 -0.141 -0.955 
-1.818 -0.135 -0.977 
-1.822 -0.129 -0.998 
-1.826 -0.123 -1.017 
-1.830 -0.117 -1.036 
-1.833 -0.111 -1.056 
-1.837 -0.104 -1.074 
-1.840 -0.098 -1.093 
-1.843 -0.092 -1.112 
-1.846 -0.086 -1.129 
-1.849 -0.079 -1.146 
-1.852 -0.072 -1.160 
-1.855 -0.066 -1.174 
-1.858 -0.059 -1.189 
-1.861 -0.052 -1.203 
-1.863 -0.046 -1.216 
-1.866 -0.039 -1.229 
-1.868 -0.032 -1.242 
-1.870 -0.025 -1.249 
-1.872 -0.018 -1.254 
-1.875 -0.012 -1.259 
-1.877 -0.005 -1.264 
-1.879 0.002 -1.268 
-1.881 0.009 -1.273 
-1.883 0.016 -1.282 
-1.885 0.023 -1.293 
-1.887 0.030 -1.306 
-1.889 0.037 -1.320 
-1.891 0.044 -1.336 
-1.892 0.051 -1.352 
-1.894 0.058 -1.367 
-1.895 0.065 -1.382 
-1.897 0.072 -1.397 
-1.898 0.079 -1.410 
-1.899 0.086 -1.423 
-1.900 0.094 -1.436 
-1.901 0.101 -1.448 
-1.902 0.108 -1.461 
-1.903 0.115 -1.469 
-1.903 0.122 -1.477 
-1.904 0.129 -1.485 
-1.904 0.136 -1.491 
-1.905 0.144 -1.496 
-1.906 0.151 -1.502 
-1.906 0.158 -1.507 
-1.906 0.165 -1.513 
-1.907 0.173 -1.518 
-1.907 0.180 -1.529 
-1.907 0.187 -1.540 
-1.908 0.195 -1.552 
-1.908 0.202 -1.563 
-1.908 0.209 -1.575 
-1.908 0.217 -1.587 
-1.908 0.224 -1.598 
-1.907 0.231 -1.607 
-1.907 0.239 -1.617 
-1.907 0.246 -1.627 
-1.906 0.253 -1.638 
-1.906 0.260 -1.650 
-1.905 0.268 -1.661 
-1.904 0.275 -1.670 
-1.904 0.282 -1.678 
-1.903 0.289 -1.685 
-1.902 0.297 -1.691 
-1.901 0.304 -1.696 
-1.900 0.311 -1.701 
-1.899 0.318 -1.705 
-1.898 0.326 -1.708 
-1.897 0.333 -1.711 
-1.896 0.340 -1.715 
-1.895 0.347 -1.721 
-1.894 0.354 -1.727 
-1.893 0.361 -1.733 
-1.892 0.369 -1.739 
-1.890 0.376 -1.745 
-1.889 0.383 -1.751 
-1.888 0.390 -1.758 
-1.886 0.397 -1.764 
-1.885 0.405 -1.771 
-1.883 0.412 -1.778 
-1.882 0.419 -1.783 
-1.881 0.425 -1.789 
-1.879 0.431 -1.796 
-1.878 0.436 -1.801 
-1.877 0.440 -1.804 
-1.876 0.444 -1.802 
-1.876 0.446 -1.797 
-1.875 0.448 -1.792 
-1.875 0.449 -1.788 
-1.875 0.449 -1.785 
-1.875 0.449 -1.785 
-1.875 0.449 -1.785 
-1.875 0.449 -1.785 
-1.875 0.449 -1.785 
-1.875 0.449 -1.785 
-1.875 0.449 -1.785 
-1.875 0.449 -1.785 
-1.875 0.449 -1.785 
-1.875 0.449 -1.785 
-1.875 0.449 -1.785 
-1.875 0.449 -1.785 
-1.875 0.449 -1.785 
-1.875 0.449 -1.785 
-1.875 0.449 -1.785 
-1.875 0.449 -1.785 
-1.875 0.449 -1.785 
-1.875 0.449 -1.785 
-1.875 0.449 -1.785 
-1.875 0.449 -1.785 
-1.875 0.449 -1.785 
-1.875 0.449 -1.785 
-1.875 0.449 -1.785 
-1.875 0.449 -1.785 
-1.875 0.449 -1.785 
-1.875 0.449 -1.785 
-1.875 0.449 -1.785 
-1.875 0.449 -1.785 
-1.875 0.449 -1.785 
-1.875 0.449 -1.785 
-1.875 0.449 -1.785 
-1.875 0.449 -1.785 
-1.875 0.449 -1.785 
-1.875 0.449 -1.785 
-1.875 0.449 -1.785 
-1.875 0.449 -1.785 
-1.875 0.449 -1.785 
-1.875 0.449 -1.785 
-1.875 0.449 -1.785 
-1.875 0.449 -1.785 
-1.875 0.449 -1.785 
-1.875 0.449 -1.785 
-1.875 0.449 -1.785 
-1.875 0.449 -1.785 
-1.875 0.449 -1.785 
-1.875 0.449 -1.785 
-1.875 0.449 -1.785 
-1.875 0.449 -1.785 
-1.875 0.449 -1.785 
-1.875 0.449 -1.785 
-1.875 0.449 -1.785 
-1.875 0.449 -1.785 
-1.875 0.449 -1.785 
-1.875 0.449 -1.785 
-1.875 0.449 -1.785 
-1.875 0.449 -1.785 
-1.875 0.449 -1.785 
-1.875 0.449 -1.785 
-1.875 0.449 -1.785 
-1.875 0.449 -1.785 
-1.875 0.449 -1.785 
-1.875 0.449 -1.785 
-1.875 0.449 -1.785 
-1.875 0.449 -1.785 
-1.875 0.449 -1.785 
-1.875 0.449 -1.785 
-1.875 0.449 -1.785 
-1.875 0.449 -1.785 
-1.875 0.449 -1.785 
-1.875 0.449 -1.785 
-1.875 0.449 -1.785 
-1.875 0.449 -1.785 
-1.875 0.449 -1.785 
-1.875 0.449 -1.785 
-1.875 0.449 -1.785 
-1.875 0.449 -1.785 
-1.875 0.449 -1.785 
-1.875 0.449 -1.785 
-1.875 0.449 -1.785 
-1.875 0.449 -1.785 
-1.875 0.449 -1.785 
-1.875 0.449 -1.785 
-1.875 0.449 -1.785 
-1.875 0.449 -1.785 
-1.875 0.449 -1.785 
-1.875 0.449 -1.785 
-1.875 0.449 -1.785 
-1.875 0.449 -1.785 
-1.875 0.449 -1.785 
-1.875 0.449 -1.785 
-1.875 0.449 -1.785 
-1.875 0.449 -1.785 
-1.875 0.449 -1.785 
-1.875 0.449 -1.785 
-1.875 0.449 -1.785 
-1.875 0.449 -1.785 
-1.875 0.449 -1.785 
-1.875 0.449 -1.785 
-1.875 0.449 -1.785 
-1.875 0.449 -1.785 
-1.875 0.449 -1.785 
-1.875 0.449 -1.785 
-1.875 0.449 -1.785 
-1.875 0.449 -1.785 
-1.875 0.449 -1.785 
-1.875 0.449 -1.785 
-1.875 0.449 -1.785 
-1.875 0.449 -1.785 
-1.875 0.449 -1.785 
-1.875 0.449 -1.785 
-1.875 0.449 -1.785 
-1.875 0.449 -1.785 
-1.875 0.449 -1.785 
-1.875 0.449 -1.785 
-1.875 0.449 -1.785 
-1.875 0.449 -1.785 
-1.875 0.449 -1.785 
-1.875 0.449 -1.785 
-1.875 0.449 -1.785 
-1.875 0.449 -1.785 
-1.875 0.449 -1.785 
-1.875 0.449 -1.785 
-1.875 0.449 -1.785 
-1.875 0.449 -1.785 
-1.875 0.449 -1.785 
-1.875 0.449 -1.785 
-1.875 0.449 -1.785 
-1.875 0.449 -1.785 
-1.875 0.449 -1.785 
-1.875 0.449 -1.785 
-1.875 0.449 -1.785 
-1.875 0.449 -1.785 
-1.875 0.449 -1.785 
-1.875 0.449 -1.785 
-1.875 0.449 -1.785 
-1.875 0.449 -1.785 
-1.875 0.449 -1.785 
-1.875 0.449 -1.785 
-1.875 0.449 -1.785 
-1.875 0.449 -1.785 
-1.875 0.449 -1.785 
-1.875 0.449 -1.785 
-1.875 0.449 -1.785 
-1.875 0.449 -1.785 
-1.875 0.449 -1.785 
-1.875 0.449 -1.785 
-1.875 0.449 -1.785 
-1.875 0.449 -1.785 
-1.875 0.449 -1.785 
-1.875 0.449 -1.785 
-1.875 0.449 -1.785 
-1.875 0.449 -1.785 
-1.875 0.449 -1.785 
-1.875 0.449 -1.785 
-1.875 0.449 -1.785 
-1.875 0.449 -1.785 
-1.875 0.449 -1.785 
-1.875 0.449 -1.785 
-1.875 0.449 -1.785 
-1.875 0.449 -1.785 
-1.875 0.449 -1.785 
-1.875 0.449 -1.785 
-1.875 0.449 -1.785 
-1.875 0.449 -1.785 
-1.875 0.449 -1.785 
-1.875 0.449 -1.785 
-1.875 0.449 -1.785 
-1.875 0.449 -1.785 
-1.875 0.449 -1.785 
-1.875 0.449 -1.785 
-1.875 0.449 -1.785 
-1.875 0.449 -1.785 
-1.875 0.449 -1.785 
-1.875 0.449 -1.785 
-1.875 0.449 -1.785 
-1.875 0.449 -1.785 
-1.875 0.449 -1.785 
-1.875 0.449 -1.785 
-1.875 0.449 -1.785 
-1.875 0.449 -1.785 
-1.875 0.449 -1.785 
-1.875 0.449 -1.785 
-1.875 0.449 -1.785 
-1.875 0.449 -1.785 
-1.875 0.449 -1.785 
-1.875 0.449 -1.785 
-1.875 0.449 -1.785 
-1.875 0.449 -1.785 
-1.875 0.449 -1.785 
-1.875 0.449 -1.785 
-1.875 0.449 -1.785 
-1.875 0.449 -1.785 
-1.875 0.449 -1.785 
-1.875 0.449 -1.785 
-1.875 0.449 -1.785 
-1.875 0.449 -1.785 
-1.875 0.449 -1.785 
-1.875 0.449 -1.785 
-1.875 0.449 -1.785 
-1.875 0.449 -1.785 
-1.875 0.449 -1.785 
-1.875 0.449 -1.785 
-1.875 0.449 -1.785 
-1.875 0.449 -1.785 
-1.875 0.449 -1.785 
-1.875 0.449 -1.785 
-1.875 0.449 -1.785 
-1.875 0.449 -1.785 
-1.875 0.449 -1.785 
-1.875 0.449 -1.785 
-1.875 0.449 -1.785 
-1.875 0.449 -1.785 
-1.875 0.449 -1.788 
-1.875 0.449 -1.790 
-1.875 0.448 -1.791 
-1.876 0.446 -1.795 
-1.876 0.444 -1.800 
-1.877 0.442 -1.807 
-1.878 0.438 -1.816 
-1.879 0.434 -1.828 
-1.880 0.430 -1.844 
-1.881 0.425 -1.865 
-1.883 0.420 -1.887 
-1.885 0.415 -1.908 
-1.887 0.409 -1.926 
-1.889 0.404 -1.940 
-1.891 0.398 -1.959 
-1.893 0.393 -1.981 
-1.895 0.389 -1.997 
-1.897 0.384 -2.007 
-1.899 0.380 -2.012 
-1.901 0.377 -2.012 
-1.902 0.373 -2.012 
-1.904 0.369 -2.012 
-1.906 0.365 -2.013 
-1.908 0.361 -2.016 
-1.911 0.356 -2.024 
-1.913 0.351 -2.032 
-1.916 0.345 -2.041 
-1.919 0.340 -2.050 
-1.921 0.335 -2.054 
-1.924 0.330 -2.056 
-1.926 0.326 -2.058 
-1.928 0.322 -2.059 
-1.930 0.318 -2.056 
-1.933 0.313 -2.046 
-1.935 0.308 -2.032 
-1.938 0.303 -2.017 
-1.941 0.297 -2.004 
-1.943 0.292 -1.995 
-1.946 0.286 -1.989 
-1.949 0.279 -1.980 
-1.951 0.273 -1.970 
-1.954 0.267 -1.960 
-1.956 0.260 -1.952 
-1.959 0.254 -1.945 
-1.961 0.248 -1.939 
-1.963 0.242 -1.929 
-1.966 0.236 -1.924 
-1.968 0.230 -1.918 
-1.970 0.223 -1.907 
-1.973 0.216 -1.895 
-1.975 0.209 -1.882 
-1.977 0.202 -1.870 
-1.979 0.195 -1.858 
-1.981 0.188 -1.846 
-1.983 0.181 -1.835 
-1.985 0.175 -1.826 
-1.987 0.168 -1.817 
-1.989 0.161 -1.806 
-1.990 0.154 -1.796 
-1.992 0.147 -1.787 
-1.993 0.139 -1.777 
-1.995 0.132 -1.766 
-1.996 0.125 -1.756 
-1.997 0.118 -1.745 
-1.999 0.111 -1.736 
-2.000 0.104 -1.726 
-2.001 0.097 -1.715 
-2.002 0.091 -1.705 
-2.003 0.084 -1.697 
-2.003 0.077 -1.692 
-2.004 0.070 -1.685 
-2.005 0.063 -1.676 
-2.006 0.056 -1.667 
-2.006 0.049 -1.659 
-2.007 0.042 -1.654 
-2.007 0.036 -1.645 
-2.008 0.029 -1.640 
-2.008 0.022 -1.633 
-2.009 0.014 -1.625 
-2.009 0.007 -1.616 
-2.009 0.001 -1.609 
-2.010 -0.006 -1.604 
-2.010 -0.013 -1.600 
-2.010 -0.019 -1.595 
-2.010 -0.027 -1.590 
-2.010 -0.034 -1.583 
-2.010 -0.041 -1.577 
-2.010 -0.048 -1.571 
-2.010 -0.055 -1.566 
-2.010 -0.062 -1.560 
-2.010 -0.068 -1.554 
-2.010 -0.075 -1.549 
-2.010 -0.082 -1.543 
-2.010 -0.089 -1.536 
-2.009 -0.096 -1.527 
-2.009 -0.102 -1.520 
-2.009 -0.109 -1.513 
-2.008 -0.116 -1.505 
-2.008 -0.123 -1.497 
-2.007 -0.130 -1.489 
-2.007 -0.137 -1.482 
-2.006 -0.144 -1.475 
-2.005 -0.151 -1.467 
-2.005 -0.158 -1.461 
-2.004 -0.165 -1.456 
-2.003 -0.173 -1.450 
-2.002 -0.180 -1.443 
-2.001 -0.187 -1.437 
-2.000 -0.194 -1.430 
-1.999 -0.201 -1.424 
-1.998 -0.208 -1.419 
-1.997 -0.215 -1.415 
-1.996 -0.222 -1.408 
-1.995 -0.229 -1.403 
-1.993 -0.236 -1.398 
-1.992 -0.243 -1.394 
-1.991 -0.250 -1.391 
-1.990 -0.257 -1.388 
-1.988 -0.264 -1.383 
-1.987 -0.271 -1.376 
-1.986 -0.278 -1.370 
-1.984 -0.285 -1.364 
-1.983 -0.292 -1.359 
-1.981 -0.299 -1.353 
-1.980 -0.306 -1.348 
-1.978 -0.313 -1.343 
-1.976 -0.321 -1.340 
-1.975 -0.328 -1.338 
-1.973 -0.335 -1.336 
-1.971 -0.342 -1.333 
-1.969 -0.349 -1.329 
-1.968 -0.355 -1.326 
-1.966 -0.362 -1.322 
-1.964 -0.369 -1.319 
-1.962 -0.376 -1.318 
-1.961 -0.384 -1.316 
-1.959 -0.391 -1.315 
-1.957 -0.398 -1.313 
-1.955 -0.405 -1.311 
-1.953 -0.412 -1.311 
-1.951 -0.419 -1.311 
-1.949 -0.426 -1.311 
-1.948 -0.433 -1.308 
-1.946 -0.439 -1.307 
-1.944 -0.446 -1.306 
-1.942 -0.453 -1.301 
-1.940 -0.459 -1.294 
-1.938 -0.467 -1.288 
-1.936 -0.473 -1.286 
-1.934 -0.480 -1.284 
-1.932 -0.488 -1.284 
-1.930 -0.495 -1.284 
-1.928 -0.501 -1.284 
-1.926 -0.509 -1.284 
-1.924 -0.515 -1.282 
-1.922 -0.522 -1.280 
-1.920 -0.528 -1.280 
-1.918 -0.535 -1.278 
-1.916 -0.542 -1.275 
-1.914 -0.549 -1.271 
-1.912 -0.555 -1.269 
-1.910 -0.562 -1.265 
-1.908 -0.568 -1.263 
-1.906 -0.575 -1.262 
-1.903 -0.582 -1.264 
-1.901 -0.589 -1.266 
-1.899 -0.596 -1.267 
-1.897 -0.603 -1.269 
-1.895 -0.610 -1.271 
-1.893 -0.616 -1.272 
-1.891 -0.622 -1.274 
-1.889 -0.629 -1.275 
-1.887 -0.635 -1.272 
-1.885 -0.642 -1.266 
-1.883 -0.648 -1.259 
-1.881 -0.654 -1.254 
-1.879 -0.660 -1.248 
-1.877 -0.667 -1.244 
-1.874 -0.673 -1.241 
-1.872 -0.680 -1.241 
-1.870 -0.687 -1.243 
-1.867 -0.693 -1.243 
-1.865 -0.700 -1.244 
-1.863 -0.707 -1.244 
-1.861 -0.714 -1.244 
-1.858 -0.720 -1.242 
-1.856 -0.727 -1.243 
-1.854 -0.733 -1.239 
-1.852 -0.740 -1.233 
-1.849 -0.746 -1.226 
-1.847 -0.752 -1.220 
-1.845 -0.758 -1.215 
-1.843 -0.765 -1.212 
-1.840 -0.771 -1.210 
-1.838 -0.777 -1.211 
-1.835 -0.784 -1.214 
-1.833 -0.791 -1.213 
-1.830 -0.798 -1.212 
-1.828 -0.805 -1.211 
-1.825 -0.811 -1.210 
-1.823 -0.817 -1.207 
-1.820 -0.824 -1.206 
-1.818 -0.830 -1.205 
-1.815 -0.837 -1.204 
-1.813 -0.843 -1.202 
-1.810 -0.850 -1.198 
-1.808 -0.857 -1.197 
-1.805 -0.863 -1.197 
-1.802 -0.870 -1.194 
-1.800 -0.876 -1.192 
-1.797 -0.883 -1.190 
-1.795 -0.889 -1.187 
-1.792 -0.896 -1.186 
-1.789 -0.903 -1.185 
-1.787 -0.909 -1.184 
-1.784 -0.916 -1.183 
-1.781 -0.923 -1.183 
-1.778 -0.930 -1.180 
-1.775 -0.936 -1.176 
-1.773 -0.943 -1.171 
-1.770 -0.950 -1.168 
-1.767 -0.956 -1.165 
-1.764 -0.963 -1.164 
-1.761 -0.970 -1.163 
-1.758 -0.976 -1.161 
-1.755 -0.983 -1.159 
-1.753 -0.990 -1.156 
-1.750 -0.996 -1.152 
-1.747 -1.003 -1.148 
-1.744 -1.010 -1.145 
-1.741 -1.016 -1.142 
-1.737 -1.023 -1.139 
-1.734 -1.030 -1.137 
-1.731 -1.036 -1.134 
-1.728 -1.043 -1.130 
-1.725 -1.049 -1.128 
-1.722 -1.056 -1.128 
-1.719 -1.062 -1.126 
-1.716 -1.069 -1.123 
-1.713 -1.075 -1.119 
-1.709 -1.082 -1.116 
-1.706 -1.088 -1.111 
-1.703 -1.094 -1.104 
-1.700 -1.101 -1.098 
-1.697 -1.107 -1.093 
-1.694 -1.113 -1.090 
-1.690 -1.120 -1.088 
-1.687 -1.126 -1.085 
-1.684 -1.132 -1.080 
-1.680 -1.139 -1.074 
-1.677 -1.145 -1.068 
-1.674 -1.151 -1.061 
-1.670 -1.157 -1.055 
-1.667 -1.163 -1.049 
-1.663 -1.169 -1.044 
-1.660 -1.175 -1.038 
-1.656 -1.181 -1.031 
-1.653 -1.187 -1.024 
-1.649 -1.193 -1.017 
-1.645 -1.199 -1.008 
-1.641 -1.205 -0.998 
-1.637 -1.211 -0.988 
-1.633 -1.217 -0.979 
-1.629 -1.223 -0.970 
-1.625 -1.229 -0.960 
-1.621 -1.234 -0.950 
-1.617 -1.240 -0.941 
-1.613 -1.246 -0.934 
-1.609 -1.252 -0.930 
-1.604 -1.257 -0.926 
-1.600 -1.263 -0.922 
-1.596 -1.269 -0.916 
-1.591 -1.274 -0.909 
-1.587 -1.280 -0.902 
-1.583 -1.285 -0.898 
-1.578 -1.291 -0.896 
-1.574 -1.297 -0.895 
-1.569 -1.302 -0.892 
-1.565 -1.307 -0.885 
-1.560 -1.313 -0.877 
-1.556 -1.318 -0.868 
-1.551 -1.324 -0.860 
-1.546 -1.329 -0.853 
-1.542 -1.335 -0.845 
-1.537 -1.340 -0.836 
-1.533 -1.345 -0.827 
-1.528 -1.350 -0.820 
-1.523 -1.355 -0.814 
-1.518 -1.360 -0.810 
-1.513 -1.366 -0.805 
-1.508 -1.371 -0.801 
-1.503 -1.376 -0.798 
-1.498 -1.381 -0.792 
-1.493 -1.386 -0.786 
-1.487 -1.392 -0.779 
-1.482 -1.397 -0.773 
-1.477 -1.401 -0.767 
-1.472 -1.407 -0.763 
-1.467 -1.412 -0.760 
-1.461 -1.417 -0.757 
-1.456 -1.422 -0.754 
-1.451 -1.427 -0.751 
-1.445 -1.432 -0.747 
-1.440 -1.437 -0.744 
-1.435 -1.441 -0.742 
-1.429 -1.446 -0.739 
-1.424 -1.451 -0.733 
-1.419 -1.456 -0.726 
-1.413 -1.461 -0.720 
-1.408 -1.466 -0.713 
-1.402 -1.470 -0.707 
-1.397 -1.475 -0.703 
-1.391 -1.480 -0.700 
-1.385 -1.484 -0.698 
-1.380 -1.489 -0.695 
-1.374 -1.494 -0.693 
-1.369 -1.498 -0.689 
-1.363 -1.503 -0.687 
-1.358 -1.507 -0.681 
-1.353 -1.511 -0.676 
-1.348 -1.515 -0.672 
-1.342 -1.520 -0.664 
-1.337 -1.524 -0.653 
-1.332 -1.528 -0.645 
-1.326 -1.532 -0.640 
-1.321 -1.536 -0.633 
-1.315 -1.540 -0.626 
-1.310 -1.544 -0.619 
-1.304 -1.548 -0.615 
-1.298 -1.552 -0.614 
-1.292 -1.556 -0.613 
-1.286 -1.560 -0.613 
-1.280 -1.564 -0.613 
-1.274 -1.569 -0.612 
-1.268 -1.573 -0.610 
-1.263 -1.577 -0.608 
-1.256 -1.581 -0.606 
-1.250 -1.585 -0.605 
-1.244 -1.589 -0.605 
-1.238 -1.594 -0.604 
-1.232 -1.598 -0.602 
-1.226 -1.602 -0.600 
-1.220 -1.606 -0.598 
-1.214 -1.610 -0.596 
-1.208 -1.614 -0.595 
-1.202 -1.618 -0.595 
-1.196 -1.622 -0.596 
-1.190 -1.626 -0.597 
-1.184 -1.631 -0.597 
-1.178 -1.635 -0.598 
-1.172 -1.639 -0.599 
-1.166 -1.643 -0.600 
-1.160 -1.647 -0.602 
-1.155 -1.651 -0.603 
-1.149 -1.655 -0.602 
-1.143 -1.659 -0.600 
-1.138 -1.662 -0.595 
-1.132 -1.666 -0.592 
-1.126 -1.670 -0.594 
-1.120 -1.674 -0.597 
-1.114 -1.678 -0.596 
-1.109 -1.682 -0.597 
-1.103 -1.686 -0.599 
-1.097 -1.690 -0.600 
-1.091 -1.694 -0.598 
-1.085 -1.698 -0.596 
-1.079 -1.702 -0.594 
-1.073 -1.706 -0.595 
-1.068 -1.710 -0.593 
-1.062 -1.713 -0.587 
-1.057 -1.717 -0.584 
-1.052 -1.720 -0.581 
-1.046 -1.724 -0.579 
-1.041 -1.728 -0.581 
-1.035 -1.731 -0.586 
-1.029 -1.735 -0.591 
-1.023 -1.739 -0.596 
-1.018 -1.743 -0.599 
-1.012 -1.747 -0.599 
-1.007 -1.751 -0.596 
-1.001 -1.754 -0.594 
-0.995 -1.758 -0.590 
-0.989 -1.762 -0.586 
-0.983 -1.766 -0.584 
-0.977 -1.770 -0.583 
-0.971 -1.774 -0.583 
-0.966 -1.778 -0.583 
-0.960 -1.782 -0.583 
-0.954 -1.786 -0.584 
-0.948 -1.789 -0.586 
-0.942 -1.793 -0.587 
-0.937 -1.797 -0.589 
-0.930 -1.801 -0.589 
-0.924 -1.805 -0.590 
-0.919 -1.809 -0.590 
-0.913 -1.813 -0.590 
-0.907 -1.817 -0.590 
-0.901 -1.821 -0.588 
-0.895 -1.825 -0.584 
-0.889 -1.829 -0.580 
-0.883 -1.833 -0.579 
-0.878 -1.836 -0.580 
-0.871 -1.840 -0.583 
-0.866 -1.844 -0.584 
-0.860 -1.848 -0.588 
-0.854 -1.852 -0.592 
-0.849 -1.856 -0.596 
-0.843 -1.859 -0.601 
-0.838 -1.863 -0.606 
-0.833 -1.867 -0.611 
-0.827 -1.870 -0.615 
-0.822 -1.874 -0.620 
-0.816 -1.878 -0.623 
-0.810 -1.883 -0.626 
-0.804 -1.887 -0.628 
-0.799 -1.891 -0.632 
-0.793 -1.895 -0.636 
-0.788 -1.899 -0.639 
-0.783 -1.903 -0.639 
-0.778 -1.907 -0.640 
-0.772 -1.911 -0.642 
-0.768 -1.914 -0.642 
-0.763 -1.918 -0.644 
-0.758 -1.921 -0.646 
-0.754 -1.925 -0.646 
-0.749 -1.928 -0.647 
-0.744 -1.932 -0.648 
-0.740 -1.935 -0.651 
-0.736 -1.938 -0.654 
-0.732 -1.941 -0.656 
-0.728 -1.944 -0.659 
-0.724 -1.947 -0.660 
-0.720 -1.950 -0.661 
-0.717 -1.953 -0.664 
-0.713 -1.956 -0.666 
-0.710 -1.959 -0.667 
-0.706 -1.961 -0.669 
-0.703 -1.964 -0.672 
-0.699 -1.967 -0.674 
-0.696 -1.969 -0.674 
-0.693 -1.972 -0.674 
-0.690 -1.974 -0.675 
-0.687 -1.976 -0.680 
-0.684 -1.979 -0.685 
-0.681 -1.982 -0.688 
-0.678 -1.984 -0.689 
-0.674 -1.987 -0.690 
-0.671 -1.990 -0.691 
-0.668 -1.992 -0.694 
-0.665 -1.995 -0.695 
-0.662 -1.997 -0.697 
-0.659 -1.999 -0.697 
-0.656 -2.002 -0.696 
-0.653 -2.005 -0.695 
-0.650 -2.007 -0.698 
-0.647 -2.010 -0.702 
-0.644 -2.012 -0.705 
-0.642 -2.014 -0.710 
-0.640 -2.016 -0.721 
-0.639 -2.017 -0.736 
-0.638 -2.018 -0.751 
-0.637 -2.018 -0.762 
-0.637 -2.019 -0.769 
-0.636 -2.019 -0.773 
-0.636 -2.019 -0.775 
-0.636 -2.019 -0.777 
-0.636 -2.019 -0.774 
-0.636 -2.019 -0.763 
-0.636 -2.020 -0.744 
-0.635 -2.021 -0.720 
-0.634 -2.021 -0.693 
-0.633 -2.022 -0.667 
-0.632 -2.023 -0.642 
-0.630 -2.024 -0.617 
-0.629 -2.025 -0.591 
-0.628 -2.025 -0.564 
-0.627 -2.026 -0.535 
-0.627 -2.026 -0.503 
-0.626 -2.027 -0.474 
-0.625 -2.027 -0.452 
-0.624 -2.027 -0.438 
-0.624 -2.028 -0.428 
-0.623 -2.028 -0.421 
-0.623 -2.028 -0.418 
-0.623 -2.028 -0.417 
-0.623 -2.028 -0.417 
-0.623 -2.028 -0.417 
-0.623 -2.028 -0.415 
-0.623 -2.028 -0.408 
-0.624 -2.028 -0.397 
-0.624 -2.028 -0.386 
-0.624 -2.027 -0.374 
-0.625 -2.027 -0.361 
-0.625 -2.027 -0.347 
-0.625 -2.027 -0.332 
-0.625 -2.027 -0.317 
-0.625 -2.027 -0.302 
-0.625 -2.027 -0.287 
-0.625 -2.027 -0.272 
-0.625 -2.027 -0.257 
-0.625 -2.027 -0.242 
-0.625 -2.027 -0.227 
-0.625 -2.027 -0.212 
-0.625 -2.027 -0.197 
-0.625 -2.027 -0.182 
-0.625 -2.027 -0.167 
-0.625 -2.027 -0.152 
-0.625 -2.027 -0.137 
-0.625 -2.027 -0.122 
-0.625 -2.027 -0.107 
-0.625 -2.027 -0.092 
-0.625 -2.027 -0.077 
-0.625 -2.027 -0.062 
-0.625 -2.027 -0.047 
-0.625 -2.027 -0.032 
-0.625 -2.027 -0.018 
-0.625 -2.027 -0.002 
-0.625 -2.027 0.013 
-0.625 -2.027 0.027 
-0.625 -2.027 0.043 
-0.625 -2.027 0.058 
-0.625 -2.027 0.072 
-0.625 -2.027 0.088 
-0.625 -2.027 0.102 
-0.625 -2.027 0.117 
-0.625 -2.027 0.133 
-0.625 -2.027 0.147 
-0.625 -2.027 0.162 
-0.625 -2.027 0.178 
-0.625 -2.027 0.192 
-0.625 -2.027 0.207 
-0.625 -2.027 0.222 
-0.625 -2.027 0.237 
-0.625 -2.027 0.252 
-0.625 -2.027 0.267 
-0.625 -2.027 0.282 
-0.625 -2.027 0.297 
-0.625 -2.027 0.312 
-0.625 -2.027 0.327 
-0.625 -2.027 0.342 
-0.625 -2.027 0.357 
-0.625 -2.027 0.372 
-0.625 -2.027 0.386 
-0.624 -2.027 0.401 
-0.624 -2.027 0.414 
-0.624 -2.027 0.426 
-0.624 -2.027 0.438 
-0.624 -2.027 0.449 
-0.623 -2.027 0.461 
-0.623 -2.027 0.473 
-0.623 -2.026 0.485 
-0.623 -2.026 0.499 
-0.623 -2.026 0.513 
-0.623 -2.026 0.528 
-0.623 -2.026 0.543 
-0.623 -2.026 0.558 
-0.623 -2.026 0.573 
-0.623 -2.026 0.587 
-0.623 -2.026 0.601 
-0.623 -2.027 0.613 
-0.623 -2.027 0.625 
-0.624 -2.027 0.635 
-0.624 -2.027 0.644 
-0.625 -2.028 0.652 
-0.625 -2.028 0.661 
-0.625 -2.028 0.670 
-0.626 -2.029 0.678 
-0.626 -2.029 0.687 
-0.627 -2.029 0.695 
-0.627 -2.030 0.704 
-0.628 -2.030 0.714 
-0.628 -2.030 0.724 
-0.628 -2.031 0.735 
-0.628 -2.031 0.748 
-0.628 -2.031 0.762 
-0.628 -2.031 0.777 
-0.628 -2.031 0.792 
-0.628 -2.031 0.807 
-0.628 -2.031 0.822 
-0.628 -2.031 0.837 
-0.628 -2.031 0.852 
-0.628 -2.031 0.866 
-0.628 -2.031 0.882 
-0.628 -2.031 0.897 
-0.628 -2.031 0.911 
-0.628 -2.031 0.927 
-0.628 -2.031 0.942 
-0.628 -2.031 0.956 
-0.628 -2.031 0.972 
-0.628 -2.031 0.986 
-0.628 -2.031 1.001 
-0.628 -2.031 1.017 
-0.628 -2.031 1.031 
-0.628 -2.031 1.046 
-0.628 -2.031 1.062 
-0.628 -2.031 1.076 
-0.628 -2.031 1.091 
-0.628 -2.031 1.106 
-0.628 -2.031 1.121 
-0.628 -2.031 1.136 
-0.628 -2.031 1.151 
-0.628 -2.031 1.166 
-0.628 -2.031 1.181 
-0.628 -2.031 1.196 
-0.628 -2.031 1.211 
-0.628 -2.031 1.226 
-0.628 -2.031 1.241 
-0.628 -2.031 1.256 
-0.628 -2.031 1.271 
-0.628 -2.031 1.286 
-0.628 -2.031 1.301 
-0.628 -2.031 1.316 
-0.628 -2.031 1.331 
-0.628 -2.031 1.346 
-0.628 -2.031 1.361 
-0.628 -2.031 1.376 
-0.628 -2.031 1.391 
-0.628 -2.031 1.405 
-0.628 -2.031 1.419 
-0.628 -2.031 1.433 
-0.628 -2.030 1.446 
-0.628 -2.030 1.459 
-0.628 -2.030 1.471 
-0.628 -2.030 1.483 
-0.628 -2.029 1.496 
-0.628 -2.029 1.509 
-0.628 -2.029 1.521 
-0.628 -2.029 1.535 
-0.628 -2.029 1.549 
-0.628 -2.029 1.563 
-0.628 -2.029 1.579 
-0.628 -2.029 1.593 
-0.628 -2.029 1.608 
-0.628 -2.029 1.624 
-0.628 -2.029 1.638 
-0.628 -2.029 1.653 
-0.628 -2.029 1.668 
-0.628 -2.029 1.681 
-0.628 -2.029 1.694 
-0.628 -2.029 1.706 
-0.628 -2.030 1.718 
-0.628 -2.030 1.729 
-0.628 -2.030 1.741 
-0.628 -2.031 1.753 
-0.628 -2.031 1.764 
-0.628 -2.031 1.776 
-0.628 -2.031 1.789 
-0.628 -2.032 1.802 
-0.628 -2.032 1.816 
-0.628 -2.032 1.830 
-0.628 -2.032 1.844 
-0.628 -2.032 1.860 
-0.628 -2.032 1.874 
-0.628 -2.032 1.889 
-0.628 -2.032 1.905 
-0.628 -2.032 1.919 
-0.628 -2.032 1.934 
-0.628 -2.032 1.950 
-0.628 -2.032 1.964 
-0.628 -2.032 1.979 
-0.628 -2.032 1.994 
-0.628 -2.032 2.009 
-0.628 -2.032 2.024 
-0.628 -2.032 2.039 
-0.628 -2.032 2.054 
-0.628 -2.032 2.069 
-0.628 -2.032 2.084 
-0.628 -2.032 2.099 
-0.628 -2.032 2.114 
-0.628 -2.032 2.129 
-0.628 -2.032 2.144 
-0.628 -2.032 2.159 
-0.628 -2.032 2.174 
-0.628 -2.032 2.189 
-0.628 -2.032 2.204 
-0.628 -2.032 2.219 
-0.628 -2.032 2.234 
-0.628 -2.032 2.249 
-0.628 -2.032 2.264 
-0.628 -2.032 2.279 
-0.628 -2.032 2.294 
