-0.050 -2.000 -0.000 
-0.050 -2.000 -0.000 
-0.050 -2.000 -0.000 
-0.050 -2.000 -0.000 
-0.050 -2.000 -0.000 
-0.050 -2.000 -0.000 
-0.050 -2.000 -0.000 
-0.050 -2.000 -0.000 
-0.050 -2.000 -0.000 
-0.050 -2.000 -0.000 
-0.050 -2.000 -0.000 
-0.050 -2.000 -0.000 
-0.050 -2.000 -0.000 
-0.050 -2.000 -0.000 
-0.050 -2.000 -0.000 
-0.050 -2.000 -0.000 
-0.050 -2.000 -0.000 
-0.050 -2.000 -0.000 
-0.050 -2.000 -0.000 
-0.050 -2.000 -0.000 
-0.050 -2.000 -0.000 
-0.050 -2.000 -0.000 
-0.050 -2.000 -0.000 
-0.050 -2.000 -0.000 
-0.050 -2.000 -0.000 
-0.050 -2.000 -0.000 
-0.050 -2.000 -0.000 
-0.050 -2.000 -0.000 
-0.050 -2.000 -0.000 
-0.050 -2.000 -0.000 
-0.050 -2.000 -0.000 
-0.050 -2.000 -0.000 
-0.050 -2.000 -0.000 
-0.050 -2.000 -0.000 
-0.050 -2.000 -0.000 
-0.050 -2.000 -0.000 
-0.050 -2.000 -0.000 
-0.050 -2.000 -0.000 
-0.050 -2.000 -0.000 
-0.050 -2.000 -0.000 
-0.050 -2.000 -0.000 
-0.050 -2.000 -0.000 
-0.050 -2.000 -0.000 
-0.050 -2.000 -0.000 
-0.050 -2.000 -0.000 
-0.050 -2.000 -0.000 
-0.050 -2.000 -0.000 
-0.050 -2.000 -0.000 
-0.050 -2.000 -0.000 
-0.050 -2.000 -0.000 
-0.050 -2.000 -0.000 
-0.050 -2.000 -0.000 
-0.050 -2.000 -0.000 
-0.050 -2.000 -0.000 
-0.050 -2.000 -0.000 
-0.050 -2.000 -0.000 
-0.050 -2.000 -0.000 
-0.050 -2.000 -0.000 
-0.050 -2.000 -0.000 
-0.050 -2.000 -0.000 
-0.050 -2.000 -0.000 
-0.050 -2.000 -0.000 
-0.050 -2.000 -0.000 
-0.050 -2.000 -0.000 
-0.050 -2.000 -0.000 
-0.050 -2.000 -0.000 
-0.050 -2.000 -0.000 
-0.050 -2.000 -0.000 
-0.050 -2.000 -0.000 
-0.050 -2.000 -0.000 
-0.050 -2.000 -0.000 
-0.050 -2.000 -0.000 
-0.050 -2.000 -0.000 
-0.050 -2.000 -0.000 
-0.050 -2.000 -0.000 
-0.050 -2.000 -0.000 
-0.050 -2.000 -0.000 
-0.050 -2.000 -0.000 
-0.050 -2.000 -0.000 
-0.050 -2.000 -0.000 
-0.050 -2.000 -0.000 
-0.050 -2.000 -0.000 
-0.050 -2.000 -0.000 
-0.050 -2.000 -0.000 
-0.050 -2.000 -0.000 
-0.050 -2.000 -0.000 
-0.050 -2.000 -0.000 
-0.050 -2.000 -0.000 
-0.050 -2.000 -0.000 
-0.050 -2.000 -0.000 
-0.050 -2.000 -0.000 
-0.050 -2.000 -0.000 
-0.048 -2.000 -0.000 
-0.046 -2.000 -0.000 
-0.043 -2.000 -0.000 
-0.040 -2.000 -0.000 
-0.035 -2.000 -0.000 
-0.030 -2.000 -0.000 
-0.025 -2.000 -0.000 
-0.019 -2.000 -0.000 
-0.013 -2.000 -0.000 
-0.007 -2.000 -0.000 
-0.001 -2.000 -0.000 
0.005 -2.000 0.000 
0.012 -2.000 0.002 
0.019 -2.000 0.009 
0.026 -2.000 0.016 
0.032 -2.000 0.022 
0.039 -2.000 0.032 
0.046 -1.999 0.044 
0.052 -1.999 0.056 
0.059 -1.999 0.067 
0.066 -1.998 0.081 
0.073 -1.997 0.093 
0.079 -1.997 0.105 
0.086 -1.996 0.118 
0.093 -1.995 0.133 
0.100 -1.994 0.152 
0.107 -1.993 0.173 
0.114 -1.992 0.194 
0.121 -1.990 0.214 
0.129 -1.989 0.234 
0.136 -1.987 0.253 
0.142 -1.985 0.272 
0.149 -1.983 0.294 
0.156 -1.981 0.315 
0.163 -1.979 0.337 
0.170 -1.976 0.358 
0.176 -1.974 0.378 
0.183 -1.971 0.397 
0.189 -1.968 0.415 
0.195 -1.965 0.432 
0.202 -1.962 0.450 
0.208 -1.959 0.469 
0.214 -1.956 0.489 
0.220 -1.953 0.509 
0.227 -1.949 0.529 
0.233 -1.946 0.549 
0.238 -1.942 0.569 
0.244 -1.938 0.586 
0.249 -1.935 0.597 
0.254 -1.932 0.610 
0.259 -1.928 0.625 
0.264 -1.924 0.639 
0.269 -1.921 0.653 
0.274 -1.917 0.666 
0.280 -1.912 0.677 
0.285 -1.908 0.689 
0.290 -1.903 0.701 
0.296 -1.899 0.711 
0.301 -1.895 0.721 
0.306 -1.890 0.729 
0.311 -1.885 0.738 
0.316 -1.881 0.751 
0.321 -1.876 0.762 
0.326 -1.871 0.773 
0.330 -1.867 0.787 
0.335 -1.862 0.802 
0.340 -1.857 0.816 
0.345 -1.851 0.829 
0.350 -1.846 0.843 
0.355 -1.841 0.856 
0.359 -1.835 0.869 
0.364 -1.830 0.881 
0.368 -1.824 0.891 
0.372 -1.819 0.900 
0.377 -1.813 0.910 
0.381 -1.808 0.922 
0.385 -1.802 0.934 
0.390 -1.796 0.944 
0.394 -1.790 0.954 
0.398 -1.784 0.963 
0.402 -1.778 0.974 
0.406 -1.772 0.983 
0.410 -1.766 0.993 
0.414 -1.760 1.001 
0.418 -1.754 1.009 
0.422 -1.748 1.016 
0.426 -1.742 1.026 
0.429 -1.736 1.037 
0.433 -1.730 1.049 
0.436 -1.723 1.061 
0.440 -1.717 1.072 
0.443 -1.711 1.084 
0.447 -1.704 1.096 
0.450 -1.698 1.108 
0.453 -1.691 1.120 
0.456 -1.685 1.131 
0.459 -1.679 1.139 
0.462 -1.673 1.148 
0.465 -1.666 1.155 
0.467 -1.660 1.163 
0.470 -1.653 1.173 
0.473 -1.646 1.180 
0.476 -1.640 1.187 
0.479 -1.633 1.194 
0.481 -1.626 1.201 
0.484 -1.619 1.208 
0.486 -1.613 1.215 
0.489 -1.606 1.223 
0.491 -1.599 1.231 
0.494 -1.592 1.239 
0.496 -1.585 1.245 
0.498 -1.578 1.252 
0.501 -1.572 1.260 
0.503 -1.565 1.270 
0.505 -1.558 1.279 
0.507 -1.551 1.287 
0.509 -1.544 1.295 
0.511 -1.537 1.303 
0.513 -1.530 1.309 
0.515 -1.523 1.316 
0.516 -1.516 1.323 
0.518 -1.509 1.329 
0.520 -1.502 1.335 
0.521 -1.495 1.339 
0.523 -1.488 1.344 
0.525 -1.481 1.351 
0.526 -1.474 1.358 
0.528 -1.467 1.366 
0.529 -1.460 1.373 
0.531 -1.452 1.380 
0.532 -1.445 1.386 
0.533 -1.438 1.393 
0.535 -1.431 1.399 
0.536 -1.424 1.405 
0.537 -1.416 1.414 
0.538 -1.410 1.422 
0.539 -1.403 1.428 
0.540 -1.396 1.431 
0.541 -1.389 1.435 
0.542 -1.382 1.440 
0.543 -1.374 1.446 
0.544 -1.367 1.452 
0.545 -1.360 1.457 
0.545 -1.352 1.462 
0.546 -1.345 1.467 
0.547 -1.338 1.471 
0.548 -1.330 1.476 
0.548 -1.323 1.480 
0.549 -1.316 1.484 
0.550 -1.309 1.487 
0.550 -1.302 1.489 
0.551 -1.295 1.491 
0.551 -1.287 1.495 
0.552 -1.280 1.499 
0.552 -1.273 1.504 
0.553 -1.265 1.506 
0.553 -1.258 1.509 
0.554 -1.251 1.511 
0.554 -1.243 1.517 
0.555 -1.236 1.522 
0.555 -1.229 1.526 
0.555 -1.222 1.530 
0.555 -1.216 1.532 
0.556 -1.209 1.534 
0.556 -1.202 1.533 
0.556 -1.195 1.533 
0.557 -1.188 1.534 
0.557 -1.180 1.537 
0.557 -1.173 1.540 
0.557 -1.166 1.543 
0.557 -1.158 1.546 
0.558 -1.151 1.548 
0.558 -1.144 1.551 
0.558 -1.136 1.553 
0.558 -1.129 1.555 
0.558 -1.122 1.558 
0.558 -1.115 1.559 
0.558 -1.108 1.558 
0.558 -1.100 1.559 
0.558 -1.093 1.566 
0.558 -1.086 1.576 
0.558 -1.079 1.586 
0.558 -1.072 1.602 
0.558 -1.065 1.620 
0.558 -1.058 1.639 
0.557 -1.051 1.659 
0.556 -1.044 1.678 
0.555 -1.036 1.697 
0.554 -1.029 1.715 
0.553 -1.022 1.732 
0.552 -1.015 1.750 
0.551 -1.008 1.771 
0.549 -1.000 1.791 
0.548 -0.993 1.811 
0.546 -0.986 1.828 
0.544 -0.979 1.844 
0.542 -0.972 1.861 
0.540 -0.965 1.881 
0.537 -0.959 1.901 
0.535 -0.952 1.921 
0.532 -0.945 1.942 
0.530 -0.939 1.964 
0.527 -0.932 1.986 
0.524 -0.926 2.002 
0.521 -0.919 2.014 
0.518 -0.913 2.027 
0.515 -0.906 2.042 
0.511 -0.900 2.058 
0.508 -0.894 2.075 
0.504 -0.887 2.091 
0.501 -0.881 2.108 
0.497 -0.875 2.124 
0.493 -0.869 2.140 
0.490 -0.863 2.155 
0.486 -0.858 2.170 
0.482 -0.852 2.184 
0.478 -0.846 2.198 
0.473 -0.840 2.213 
0.469 -0.834 2.228 
0.464 -0.829 2.242 
0.460 -0.823 2.256 
0.455 -0.817 2.272 
0.451 -0.812 2.288 
0.446 -0.807 2.303 
0.441 -0.801 2.320 
0.436 -0.796 2.336 
0.431 -0.791 2.351 
0.426 -0.786 2.364 
0.421 -0.781 2.376 
0.416 -0.777 2.388 
0.411 -0.772 2.401 
0.406 -0.767 2.412 
0.400 -0.762 2.423 
0.395 -0.757 2.433 
0.389 -0.753 2.443 
0.384 -0.748 2.452 
0.378 -0.743 2.459 
0.373 -0.739 2.464 
0.367 -0.735 2.469 
0.361 -0.730 2.476 
0.356 -0.726 2.486 
0.350 -0.721 2.495 
0.344 -0.717 2.505 
0.338 -0.713 2.514 
0.332 -0.708 2.524 
0.326 -0.704 2.533 
0.320 -0.700 2.542 
0.315 -0.696 2.551 
0.308 -0.692 2.558 
0.302 -0.688 2.564 
0.296 -0.684 2.570 
0.290 -0.680 2.578 
0.285 -0.677 2.585 
0.279 -0.673 2.591 
0.273 -0.669 2.598 
0.267 -0.666 2.605 
0.261 -0.662 2.612 
0.254 -0.659 2.618 
0.248 -0.655 2.622 
0.242 -0.651 2.625 
0.236 -0.648 2.630 
0.230 -0.644 2.633 
0.224 -0.641 2.636 
0.218 -0.638 2.637 
0.212 -0.635 2.636 
0.206 -0.631 2.636 
0.199 -0.628 2.636 
0.193 -0.624 2.638 
0.187 -0.621 2.641 
0.180 -0.617 2.643 
0.174 -0.614 2.646 
0.167 -0.610 2.649 
0.161 -0.607 2.657 
0.154 -0.604 2.668 
0.148 -0.600 2.680 
0.142 -0.597 2.692 
0.136 -0.594 2.705 
0.130 -0.592 2.716 
0.123 -0.589 2.727 
0.117 -0.586 2.738 
0.111 -0.583 2.750 
0.104 -0.581 2.763 
0.097 -0.578 2.774 
0.091 -0.576 2.786 
0.084 -0.573 2.797 
0.077 -0.571 2.807 
0.070 -0.568 2.818 
0.063 -0.566 2.829 
0.057 -0.564 2.839 
0.050 -0.562 2.848 
0.044 -0.560 2.854 
0.037 -0.558 2.859 
0.030 -0.556 2.865 
0.023 -0.554 2.874 
0.016 -0.552 2.883 
0.009 -0.550 2.892 
0.002 -0.549 2.901 
-0.005 -0.547 2.910 
-0.012 -0.545 2.919 
-0.019 -0.544 2.927 
-0.026 -0.542 2.934 
-0.033 -0.541 2.942 
-0.041 -0.539 2.949 
-0.048 -0.538 2.954 
-0.055 -0.537 2.961 
-0.062 -0.535 2.967 
-0.069 -0.534 2.973 
-0.076 -0.533 2.979 
-0.083 -0.532 2.990 
-0.090 -0.531 2.998 
-0.097 -0.530 3.004 
-0.104 -0.529 3.010 
-0.111 -0.528 3.015 
-0.118 -0.527 3.021 
-0.126 -0.526 3.026 
-0.133 -0.525 3.031 
-0.140 -0.525 3.034 
-0.147 -0.524 3.037 
-0.154 -0.523 3.041 
-0.162 -0.522 3.046 
-0.169 -0.522 3.049 
-0.176 -0.521 3.052 
-0.183 -0.520 3.055 
-0.191 -0.520 3.056 
-0.198 -0.519 3.058 
-0.205 -0.519 3.060 
-0.213 -0.518 3.062 
-0.220 -0.517 3.063 
-0.227 -0.517 3.065 
-0.235 -0.516 3.065 
-0.242 -0.516 3.065 
-0.249 -0.515 3.065 
-0.256 -0.515 3.067 
-0.263 -0.514 3.068 
-0.270 -0.514 3.069 
-0.277 -0.513 3.071 
-0.284 -0.513 3.073 
-0.292 -0.512 3.075 
-0.299 -0.512 3.076 
-0.306 -0.511 3.078 
-0.314 -0.511 3.080 
-0.321 -0.510 3.082 
-0.328 -0.510 3.083 
-0.335 -0.509 3.084 
-0.343 -0.509 3.083 
-0.350 -0.509 3.083 
-0.357 -0.508 3.085 
-0.364 -0.508 3.086 
-0.372 -0.507 3.088 
-0.379 -0.507 3.090 
-0.386 -0.507 3.092 
-0.394 -0.506 3.093 
-0.401 -0.506 3.095 
-0.408 -0.505 3.097 
-0.416 -0.505 3.098 
-0.423 -0.505 3.099 
-0.430 -0.505 3.102 
-0.437 -0.504 3.102 
-0.444 -0.504 3.102 
-0.451 -0.504 3.099 
-0.458 -0.503 3.098 
-0.465 -0.503 3.099 
-0.472 -0.503 3.099 
-0.479 -0.503 3.100 
-0.486 -0.502 3.101 
-0.494 -0.502 3.104 
-0.501 -0.502 3.108 
-0.508 -0.501 3.112 
-0.516 -0.501 3.114 
-0.523 -0.501 3.117 
-0.530 -0.501 3.121 
-0.537 -0.501 3.119 
-0.544 -0.501 3.118 
-0.551 -0.500 3.118 
-0.558 -0.500 3.119 
-0.565 -0.500 3.120 
-0.572 -0.500 3.124 
-0.579 -0.500 3.128 
-0.586 -0.500 3.131 
-0.593 -0.500 3.135 
-0.600 -0.500 3.140 
-0.607 -0.500 -3.140 
-0.614 -0.500 -3.137 
-0.622 -0.500 -3.134 
-0.629 -0.500 -3.131 
-0.636 -0.500 -3.130 
-0.644 -0.500 -3.129 
-0.651 -0.500 -3.128 
-0.658 -0.500 -3.126 
-0.666 -0.500 -3.124 
-0.673 -0.500 -3.122 
-0.680 -0.501 -3.120 
-0.687 -0.501 -3.118 
-0.694 -0.501 -3.117 
-0.701 -0.501 -3.115 
-0.709 -0.501 -3.112 
-0.716 -0.502 -3.110 
-0.723 -0.502 -3.108 
-0.730 -0.502 -3.105 
-0.737 -0.502 -3.101 
-0.743 -0.503 -3.098 
-0.750 -0.503 -3.098 
-0.757 -0.503 -3.097 
-0.765 -0.503 -3.094 
-0.772 -0.504 -3.093 
-0.779 -0.504 -3.091 
-0.786 -0.505 -3.090 
-0.794 -0.505 -3.089 
-0.801 -0.505 -3.087 
-0.808 -0.506 -3.086 
-0.815 -0.506 -3.086 
-0.823 -0.507 -3.087 
-0.830 -0.507 -3.087 
-0.838 -0.507 -3.089 
-0.845 -0.508 -3.091 
-0.852 -0.508 -3.094 
-0.860 -0.508 -3.098 
-0.867 -0.509 -3.102 
-0.874 -0.509 -3.105 
-0.882 -0.509 -3.108 
-0.889 -0.510 -3.111 
-0.896 -0.510 -3.112 
-0.903 -0.510 -3.112 
-0.910 -0.510 -3.113 
-0.917 -0.510 -3.116 
-0.925 -0.511 -3.118 
-0.932 -0.511 -3.121 
-0.939 -0.511 -3.123 
-0.947 -0.511 -3.127 
-0.954 -0.511 -3.132 
-0.962 -0.511 -3.138 
-0.969 -0.511 3.140 
-0.976 -0.511 3.135 
-0.984 -0.511 3.130 
-0.991 -0.511 3.127 
-0.998 -0.511 3.125 
-1.005 -0.511 3.124 
-1.013 -0.511 3.120 
-1.020 -0.510 3.116 
-1.027 -0.510 3.112 
-1.034 -0.510 3.112 
-1.042 -0.510 3.111 
-1.049 -0.510 3.109 
-1.056 -0.509 3.104 
-1.063 -0.509 3.099 
-1.070 -0.509 3.095 
-1.078 -0.508 3.088 
-1.085 -0.508 3.081 
-1.092 -0.507 3.076 
-1.100 -0.507 3.075 
-1.107 -0.506 3.071 
-1.113 -0.506 3.064 
-1.120 -0.505 3.061 
-1.126 -0.505 3.061 
-1.131 -0.504 3.057 
-1.136 -0.504 3.058 
-1.140 -0.504 3.059 
-1.145 -0.503 3.055 
-1.149 -0.503 3.050 
-1.153 -0.503 3.044 
-1.156 -0.502 3.038 
-1.160 -0.502 3.036 
-1.163 -0.501 3.038 
-1.166 -0.501 3.045 
-1.169 -0.501 3.054 
-1.170 -0.501 3.064 
-1.172 -0.501 3.076 
-1.172 -0.501 3.091 
-1.172 -0.501 3.108 
-1.172 -0.501 3.130 
-1.171 -0.501 -3.124 
-1.170 -0.501 -3.091 
-1.168 -0.501 -3.053 
-1.165 -0.500 -3.012 
-1.162 -0.500 -2.972 
-1.159 -0.499 -2.934 
-1.155 -0.498 -2.901 
-1.150 -0.497 -2.877 
-1.146 -0.496 -2.861 
-1.140 -0.494 -2.848 
-1.135 -0.493 -2.833 
-1.129 -0.491 -2.813 
-1.123 -0.488 -2.792 
-1.117 -0.486 -2.781 
-1.110 -0.483 -2.777 
-1.103 -0.481 -2.778 
-1.096 -0.478 -2.781 
-1.090 -0.476 -2.786 
-1.083 -0.473 -2.792 
-1.076 -0.471 -2.801 
-1.070 -0.469 -2.814 
-1.063 -0.466 -2.825 
-1.056 -0.464 -2.834 
-1.049 -0.462 -2.843 
-1.042 -0.460 -2.851 
-1.036 -0.458 -2.855 
-1.030 -0.456 -2.859 
-1.023 -0.454 -2.862 
-1.017 -0.452 -2.864 
-1.010 -0.450 -2.865 
-1.002 -0.448 -2.862 
-0.995 -0.446 -2.856 
-0.989 -0.444 -2.850 
-0.981 -0.442 -2.842 
-0.975 -0.440 -2.833 
-0.968 -0.438 -2.824 
-0.962 -0.436 -2.813 
-0.955 -0.434 -2.798 
-0.948 -0.431 -2.781 
-0.942 -0.428 -2.773 
-0.935 -0.426 -2.768 
-0.928 -0.423 -2.762 
-0.921 -0.420 -2.756 
-0.915 -0.418 -2.746 
-0.908 -0.415 -2.735 
-0.901 -0.412 -2.725 
-0.895 -0.409 -2.716 
-0.888 -0.406 -2.707 
-0.882 -0.403 -2.698 
-0.875 -0.400 -2.687 
-0.869 -0.397 -2.676 
-0.862 -0.393 -2.663 
-0.856 -0.390 -2.650 
-0.849 -0.387 -2.638 
-0.843 -0.383 -2.625 
-0.837 -0.379 -2.613 
-0.830 -0.376 -2.601 
-0.824 -0.372 -2.595 
-0.818 -0.368 -2.590 
-0.812 -0.364 -2.586 
-0.806 -0.361 -2.580 
-0.801 -0.357 -2.573 
-0.795 -0.353 -2.564 
-0.789 -0.350 -2.558 
-0.784 -0.346 -2.551 
-0.779 -0.343 -2.543 
-0.774 -0.339 -2.532 
-0.768 -0.335 -2.521 
-0.762 -0.331 -2.513 
-0.756 -0.327 -2.500 
-0.751 -0.322 -2.482 
-0.745 -0.318 -2.465 
-0.739 -0.313 -2.447 
-0.734 -0.309 -2.430 
-0.729 -0.304 -2.413 
-0.723 -0.299 -2.392 
-0.718 -0.294 -2.372 
-0.713 -0.289 -2.351 
-0.708 -0.284 -2.337 
-0.703 -0.279 -2.325 
-0.698 -0.274 -2.314 
-0.693 -0.268 -2.298 
-0.688 -0.263 -2.279 
-0.684 -0.257 -2.260 
-0.679 -0.252 -2.239 
-0.675 -0.246 -2.220 
-0.671 -0.241 -2.200 
-0.667 -0.235 -2.184 
-0.663 -0.229 -2.172 
-0.659 -0.223 -2.160 
-0.655 -0.217 -2.148 
-0.651 -0.211 -2.136 
-0.647 -0.205 -2.125 
-0.643 -0.199 -2.112 
-0.640 -0.192 -2.101 
-0.636 -0.186 -2.089 
-0.632 -0.180 -2.076 
-0.629 -0.174 -2.065 
-0.626 -0.167 -2.053 
-0.622 -0.161 -2.040 
-0.619 -0.155 -2.027 
-0.616 -0.149 -2.016 
-0.614 -0.143 -2.003 
-0.611 -0.137 -1.990 
-0.609 -0.132 -1.980 
-0.606 -0.125 -1.967 
-0.603 -0.119 -1.956 
-0.601 -0.112 -1.949 
-0.598 -0.105 -1.944 
-0.595 -0.099 -1.940 
-0.593 -0.092 -1.935 
-0.590 -0.085 -1.926 
-0.588 -0.079 -1.914 
-0.585 -0.072 -1.902 
-0.583 -0.065 -1.891 
-0.581 -0.058 -1.879 
-0.579 -0.051 -1.866 
-0.577 -0.045 -1.854 
-0.575 -0.038 -1.845 
-0.573 -0.032 -1.838 
-0.571 -0.024 -1.835 
-0.569 -0.017 -1.833 
-0.567 -0.010 -1.831 
-0.565 -0.003 -1.830 
-0.564 0.004 -1.828 
-0.562 0.011 -1.826 
-0.560 0.018 -1.820 
-0.558 0.024 -1.816 
-0.557 0.031 -1.814 
-0.555 0.037 -1.811 
-0.553 0.044 -1.809 
-0.552 0.050 -1.806 
-0.550 0.057 -1.802 
-0.549 0.063 -1.799 
-0.547 0.069 -1.796 
-0.546 0.076 -1.791 
-0.545 0.082 -1.788 
-0.543 0.089 -1.789 
-0.541 0.096 -1.794 
-0.540 0.103 -1.797 
-0.538 0.110 -1.800 
-0.537 0.117 -1.798 
-0.535 0.124 -1.793 
-0.534 0.130 -1.788 
-0.532 0.137 -1.783 
-0.531 0.143 -1.777 
-0.530 0.149 -1.772 
-0.528 0.156 -1.764 
-0.527 0.162 -1.756 
-0.526 0.168 -1.749 
-0.525 0.175 -1.737 
-0.524 0.181 -1.723 
-0.523 0.188 -1.714 
-0.522 0.194 -1.704 
-0.521 0.201 -1.695 
-0.520 0.208 -1.683 
-0.519 0.215 -1.671 
-0.519 0.222 -1.659 
-0.518 0.230 -1.648 
-0.518 0.237 -1.644 
-0.517 0.244 -1.641 
-0.517 0.251 -1.639 
-0.516 0.259 -1.637 
-0.516 0.266 -1.634 
-0.515 0.273 -1.630 
-0.515 0.280 -1.628 
-0.514 0.287 -1.627 
-0.514 0.295 -1.626 
-0.514 0.302 -1.629 
-0.513 0.309 -1.636 
-0.513 0.316 -1.644 
-0.512 0.324 -1.650 
-0.511 0.331 -1.656 
-0.511 0.338 -1.663 
-0.510 0.346 -1.668 
-0.509 0.353 -1.673 
-0.509 0.360 -1.677 
-0.508 0.367 -1.681 
-0.507 0.374 -1.685 
-0.506 0.380 -1.689 
-0.505 0.388 -1.695 
-0.505 0.394 -1.701 
-0.504 0.402 -1.706 
-0.503 0.409 -1.708 
-0.502 0.416 -1.710 
-0.501 0.423 -1.713 
-0.500 0.430 -1.714 
-0.499 0.437 -1.716 
-0.498 0.444 -1.717 
-0.497 0.451 -1.716 
-0.496 0.458 -1.715 
-0.495 0.465 -1.712 
-0.494 0.472 -1.710 
-0.493 0.478 -1.709 
-0.492 0.485 -1.710 
-0.491 0.492 -1.706 
-0.490 0.498 -1.704 
-0.489 0.504 -1.704 
-0.488 0.511 -1.704 
-0.487 0.517 -1.705 
-0.487 0.523 -1.705 
-0.486 0.530 -1.710 
-0.485 0.537 -1.716 
-0.484 0.544 -1.723 
-0.482 0.551 -1.729 
-0.481 0.558 -1.734 
-0.480 0.565 -1.736 
-0.479 0.572 -1.739 
-0.478 0.579 -1.743 
-0.477 0.586 -1.748 
-0.475 0.594 -1.752 
-0.474 0.601 -1.756 
-0.473 0.608 -1.759 
-0.471 0.615 -1.763 
-0.470 0.622 -1.767 
-0.468 0.629 -1.770 
-0.467 0.635 -1.775 
-0.466 0.641 -1.779 
-0.465 0.648 -1.782 
-0.463 0.654 -1.783 
-0.462 0.660 -1.781 
-0.460 0.666 -1.780 
-0.459 0.673 -1.779 
-0.458 0.680 -1.778 
-0.456 0.687 -1.778 
-0.455 0.695 -1.776 
-0.453 0.702 -1.775 
-0.452 0.709 -1.775 
-0.450 0.716 -1.773 
-0.449 0.723 -1.773 
-0.447 0.729 -1.772 
-0.446 0.736 -1.772 
-0.445 0.742 -1.771 
-0.444 0.748 -1.769 
-0.442 0.754 -1.767 
-0.441 0.761 -1.763 
-0.440 0.767 -1.760 
-0.439 0.774 -1.760 
-0.437 0.781 -1.763 
-0.436 0.788 -1.768 
-0.434 0.795 -1.768 
-0.433 0.802 -1.766 
-0.432 0.809 -1.764 
-0.430 0.816 -1.767 
-0.429 0.823 -1.770 
-0.427 0.830 -1.774 
-0.426 0.838 -1.777 
-0.424 0.845 -1.779 
-0.423 0.852 -1.779 
-0.421 0.858 -1.782 
-0.420 0.865 -1.784 
-0.419 0.872 -1.787 
-0.417 0.878 -1.789 
-0.416 0.884 -1.792 
-0.414 0.890 -1.794 
-0.413 0.897 -1.797 
-0.412 0.903 -1.799 
-0.410 0.909 -1.802 
-0.409 0.915 -1.807 
-0.407 0.922 -1.812 
-0.405 0.929 -1.815 
-0.404 0.936 -1.819 
-0.402 0.942 -1.823 
-0.400 0.949 -1.823 
-0.398 0.955 -1.829 
-0.397 0.962 -1.835 
-0.395 0.968 -1.841 
-0.393 0.975 -1.845 
-0.391 0.982 -1.847 
-0.389 0.989 -1.849 
-0.387 0.997 -1.850 
-0.385 1.004 -1.850 
-0.383 1.010 -1.851 
-0.381 1.017 -1.849 
-0.379 1.024 -1.849 
-0.377 1.031 -1.850 
-0.375 1.037 -1.852 
-0.374 1.043 -1.854 
-0.372 1.049 -1.854 
-0.370 1.055 -1.856 
-0.369 1.060 -1.858 
-0.367 1.065 -1.861 
-0.366 1.070 -1.869 
-0.364 1.076 -1.878 
-0.362 1.083 -1.885 
-0.360 1.089 -1.891 
-0.357 1.095 -1.897 
-0.355 1.102 -1.902 
-0.353 1.108 -1.906 
-0.351 1.114 -1.911 
-0.349 1.120 -1.915 
-0.347 1.126 -1.918 
-0.345 1.131 -1.920 
-0.343 1.137 -1.923 
-0.341 1.142 -1.926 
-0.339 1.148 -1.929 
-0.336 1.154 -1.929 
-0.334 1.160 -1.928 
-0.332 1.165 -1.928 
-0.330 1.170 -1.930 
-0.328 1.175 -1.934 
-0.326 1.181 -1.940 
-0.324 1.186 -1.946 
-0.322 1.192 -1.958 
-0.319 1.198 -1.974 
-0.317 1.204 -1.990 
-0.314 1.210 -2.007 
-0.311 1.216 -2.025 
-0.309 1.220 -2.044 
-0.306 1.225 -2.065 
-0.304 1.230 -2.086 
-0.302 1.234 -2.109 
-0.299 1.238 -2.133 
-0.297 1.242 -2.155 
-0.294 1.245 -2.177 
-0.292 1.249 -2.200 
-0.289 1.252 -2.223 
-0.287 1.256 -2.247 
-0.284 1.259 -2.270 
-0.282 1.261 -2.290 
-0.280 1.263 -2.304 
-0.279 1.265 -2.314 
-0.278 1.266 -2.320 
-0.277 1.267 -2.321 
-0.276 1.267 -2.321 
-0.276 1.268 -2.326 
-0.275 1.269 -2.337 
-0.274 1.269 -2.351 
-0.273 1.270 -2.365 
-0.272 1.271 -2.378 
-0.271 1.272 -2.390 
-0.270 1.273 -2.402 
-0.269 1.274 -2.415 
-0.268 1.275 -2.428 
-0.268 1.276 -2.436 
-0.267 1.276 -2.441 
-0.267 1.276 -2.442 
-0.267 1.276 -2.443 
-0.268 1.275 -2.447 
-0.269 1.275 -2.455 
-0.270 1.274 -2.470 
-0.271 1.273 -2.485 
-0.272 1.272 -2.503 
-0.273 1.271 -2.526 
-0.275 1.270 -2.555 
-0.277 1.269 -2.588 
-0.279 1.268 -2.614 
-0.280 1.267 -2.633 
-0.281 1.266 -2.644 
-0.282 1.266 -2.646 
-0.282 1.266 -2.646 
-0.282 1.266 -2.646 
-0.282 1.266 -2.646 
-0.282 1.266 -2.646 
-0.282 1.266 -2.646 
-0.282 1.266 -2.646 
-0.282 1.266 -2.646 
-0.282 1.266 -2.646 
-0.282 1.266 -2.646 
-0.282 1.266 -2.646 
-0.282 1.266 -2.646 
-0.282 1.266 -2.646 
-0.282 1.266 -2.646 
-0.282 1.266 -2.646 
-0.282 1.266 -2.646 
-0.282 1.266 -2.646 
-0.282 1.266 -2.646 
-0.282 1.266 -2.646 
-0.282 1.266 -2.646 
-0.282 1.266 -2.646 
-0.282 1.266 -2.646 
-0.282 1.266 -2.646 
-0.282 1.266 -2.646 
-0.282 1.266 -2.646 
-0.282 1.266 -2.646 
-0.282 1.266 -2.646 
-0.282 1.266 -2.646 
-0.282 1.266 -2.646 
-0.282 1.266 -2.646 
-0.282 1.266 -2.646 
-0.282 1.266 -2.646 
-0.282 1.266 -2.646 
-0.282 1.266 -2.646 
-0.282 1.266 -2.646 
-0.282 1.266 -2.646 
-0.282 1.266 -2.646 
-0.282 1.266 -2.646 
-0.282 1.266 -2.646 
-0.282 1.266 -2.646 
-0.282 1.266 -2.646 
-0.282 1.266 -2.646 
-0.282 1.266 -2.646 
-0.282 1.266 -2.646 
-0.282 1.266 -2.646 
-0.282 1.266 -2.646 
-0.282 1.266 -2.646 
-0.282 1.266 -2.646 
-0.282 1.266 -2.646 
-0.282 1.266 -2.646 
-0.282 1.266 -2.646 
-0.282 1.266 -2.646 
-0.282 1.266 -2.646 
-0.282 1.266 -2.646 
-0.282 1.266 -2.646 
-0.282 1.266 -2.646 
-0.282 1.266 -2.646 
-0.282 1.266 -2.646 
-0.282 1.266 -2.646 
-0.282 1.266 -2.646 
-0.282 1.266 -2.646 
-0.282 1.266 -2.646 
-0.282 1.266 -2.646 
-0.282 1.266 -2.646 
-0.282 1.266 -2.646 
-0.282 1.266 -2.646 
-0.282 1.266 -2.646 
-0.282 1.266 -2.646 
-0.282 1.266 -2.646 
-0.282 1.266 -2.646 
-0.282 1.266 -2.646 
-0.282 1.266 -2.646 
-0.282 1.266 -2.646 
-0.282 1.266 -2.646 
-0.282 1.266 -2.646 
-0.282 1.266 -2.646 
-0.282 1.266 -2.646 
-0.282 1.266 -2.646 
-0.282 1.266 -2.646 
-0.282 1.266 -2.646 
-0.282 1.266 -2.646 
-0.282 1.266 -2.646 
-0.282 1.266 -2.646 
-0.282 1.266 -2.646 
-0.282 1.266 -2.646 
-0.282 1.266 -2.646 
-0.282 1.266 -2.646 
-0.282 1.266 -2.646 
-0.282 1.266 -2.646 
-0.282 1.266 -2.646 
-0.282 1.266 -2.646 
-0.282 1.266 -2.646 
-0.282 1.266 -2.646 
-0.282 1.266 -2.646 
-0.282 1.266 -2.646 
-0.282 1.266 -2.646 
-0.282 1.266 -2.646 
-0.282 1.266 -2.646 
-0.282 1.266 -2.646 
-0.282 1.266 -2.646 
-0.282 1.266 -2.646 
-0.282 1.266 -2.646 
-0.282 1.266 -2.646 
-0.282 1.266 -2.646 
-0.282 1.266 -2.646 
-0.282 1.266 -2.646 
-0.282 1.266 -2.646 
-0.282 1.266 -2.646 
-0.282 1.266 -2.646 
-0.282 1.266 -2.646 
-0.282 1.266 -2.646 
-0.282 1.266 -2.646 
-0.282 1.266 -2.646 
-0.282 1.266 -2.646 
-0.282 1.266 -2.646 
-0.282 1.266 -2.646 
-0.282 1.266 -2.646 
-0.282 1.266 -2.646 
-0.282 1.266 -2.646 
-0.282 1.266 -2.646 
-0.282 1.266 -2.646 
-0.282 1.266 -2.646 
-0.282 1.266 -2.646 
-0.282 1.266 -2.646 
-0.282 1.266 -2.646 
-0.282 1.266 -2.646 
-0.282 1.266 -2.646 
-0.282 1.266 -2.646 
-0.282 1.266 -2.646 
-0.282 1.266 -2.646 
-0.282 1.266 -2.646 
-0.282 1.266 -2.646 
-0.282 1.266 -2.646 
-0.282 1.266 -2.646 
-0.282 1.266 -2.646 
-0.282 1.266 -2.646 
-0.282 1.266 -2.646 
-0.282 1.266 -2.646 
-0.282 1.266 -2.646 
-0.282 1.266 -2.646 
-0.282 1.266 -2.646 
-0.282 1.266 -2.646 
-0.282 1.266 -2.646 
-0.282 1.266 -2.646 
-0.282 1.266 -2.646 
-0.282 1.266 -2.646 
-0.282 1.266 -2.646 
-0.282 1.266 -2.646 
-0.282 1.266 -2.646 
-0.282 1.266 -2.646 
-0.282 1.266 -2.646 
-0.282 1.266 -2.646 
-0.282 1.266 -2.646 
-0.282 1.266 -2.646 
-0.282 1.266 -2.646 
-0.282 1.266 -2.646 
-0.282 1.266 -2.646 
-0.282 1.266 -2.646 
-0.282 1.266 -2.646 
-0.282 1.266 -2.646 
-0.282 1.266 -2.646 
-0.282 1.266 -2.646 
-0.282 1.266 -2.646 
-0.282 1.266 -2.646 
-0.282 1.266 -2.646 
-0.282 1.266 -2.646 
-0.282 1.266 -2.646 
-0.282 1.266 -2.646 
-0.282 1.266 -2.646 
-0.282 1.266 -2.646 
-0.282 1.266 -2.646 
-0.282 1.266 -2.646 
-0.282 1.266 -2.646 
-0.282 1.266 -2.646 
-0.282 1.266 -2.646 
-0.282 1.266 -2.646 
-0.282 1.266 -2.646 
-0.282 1.266 -2.646 
-0.282 1.266 -2.646 
-0.282 1.266 -2.646 
-0.282 1.266 -2.646 
-0.282 1.266 -2.646 
-0.282 1.266 -2.646 
-0.282 1.266 -2.646 
-0.282 1.266 -2.646 
-0.282 1.266 -2.646 
-0.282 1.266 -2.646 
-0.282 1.266 -2.646 
-0.282 1.266 -2.646 
-0.282 1.266 -2.646 
-0.282 1.266 -2.646 
-0.282 1.266 -2.646 
-0.282 1.266 -2.646 
-0.282 1.266 -2.646 
-0.282 1.266 -2.646 
-0.282 1.266 -2.646 
-0.282 1.266 -2.646 
-0.282 1.266 -2.646 
-0.282 1.266 -2.646 
-0.282 1.266 -2.646 
-0.282 1.266 -2.646 
-0.282 1.266 -2.646 
-0.282 1.266 -2.646 
-0.282 1.266 -2.646 
-0.282 1.266 -2.646 
-0.282 1.266 -2.646 
-0.282 1.266 -2.646 
-0.282 1.266 -2.646 
-0.282 1.266 -2.646 
-0.282 1.266 -2.646 
-0.282 1.266 -2.646 
-0.282 1.266 -2.646 
-0.282 1.266 -2.646 
-0.282 1.266 -2.646 
-0.282 1.266 -2.646 
-0.282 1.266 -2.646 
-0.282 1.266 -2.646 
-0.282 1.266 -2.646 
-0.282 1.266 -2.646 
-0.282 1.266 -2.646 
-0.282 1.266 -2.646 
-0.282 1.266 -2.646 
-0.282 1.266 -2.646 
-0.282 1.266 -2.646 
-0.282 1.266 -2.646 
-0.282 1.266 -2.646 
-0.282 1.266 -2.646 
-0.282 1.266 -2.646 
-0.282 1.266 -2.646 
-0.282 1.266 -2.646 
-0.282 1.266 -2.646 
-0.282 1.266 -2.646 
-0.282 1.266 -2.646 
-0.282 1.266 -2.646 
-0.282 1.266 -2.646 
-0.282 1.266 -2.646 
-0.282 1.266 -2.646 
-0.282 1.266 -2.646 
-0.282 1.266 -2.646 
-0.282 1.266 -2.646 
-0.282 1.266 -2.646 
-0.282 1.266 -2.646 
-0.282 1.266 -2.646 
-0.282 1.266 -2.646 
-0.282 1.266 -2.646 
-0.282 1.266 -2.646 
-0.282 1.266 -2.646 
-0.282 1.266 -2.646 
-0.282 1.266 -2.646 
-0.282 1.266 -2.646 
-0.282 1.266 -2.646 
-0.282 1.266 -2.646 
-0.282 1.266 -2.646 
-0.282 1.266 -2.646 
-0.282 1.266 -2.646 
-0.282 1.266 -2.646 
-0.282 1.266 -2.646 
-0.282 1.266 -2.646 
-0.282 1.266 -2.646 
-0.282 1.266 -2.646 
-0.282 1.266 -2.646 
-0.282 1.266 -2.646 
-0.282 1.266 -2.646 
-0.282 1.266 -2.646 
-0.282 1.266 -2.646 
-0.282 1.266 -2.646 
-0.282 1.266 -2.646 
-0.282 1.266 -2.646 
-0.282 1.266 -2.646 
-0.282 1.266 -2.646 
-0.282 1.266 -2.646 
-0.282 1.266 -2.646 
-0.282 1.266 -2.646 
-0.282 1.266 -2.646 
-0.282 1.266 -2.646 
-0.282 1.266 -2.646 
-0.282 1.266 -2.646 
-0.282 1.266 -2.646 
-0.282 1.266 -2.646 
-0.282 1.266 -2.646 
-0.282 1.266 -2.646 
-0.282 1.266 -2.646 
-0.282 1.266 -2.646 
-0.282 1.266 -2.646 
-0.282 1.266 -2.646 
-0.282 1.266 -2.646 
-0.282 1.266 -2.646 
-0.282 1.266 -2.646 
-0.282 1.266 -2.646 
-0.282 1.266 -2.646 
-0.282 1.266 -2.646 
-0.282 1.266 -2.646 
-0.282 1.266 -2.646 
-0.282 1.266 -2.646 
-0.282 1.266 -2.646 
-0.282 1.266 -2.646 
-0.282 1.266 -2.646 
-0.282 1.266 -2.646 
-0.282 1.266 -2.646 
-0.282 1.266 -2.646 
-0.282 1.266 -2.646 
-0.282 1.266 -2.646 
-0.282 1.266 -2.646 
-0.282 1.266 -2.646 
-0.282 1.266 -2.646 
-0.282 1.266 -2.646 
-0.282 1.266 -2.646 
-0.282 1.266 -2.646 
-0.282 1.266 -2.646 
-0.282 1.266 -2.646 
-0.282 1.266 -2.646 
-0.282 1.266 -2.646 
-0.282 1.266 -2.646 
-0.282 1.266 -2.646 
-0.282 1.266 -2.646 
-0.282 1.266 -2.646 
-0.282 1.266 -2.646 
-0.282 1.266 -2.646 
-0.282 1.266 -2.646 
-0.282 1.266 -2.646 
-0.282 1.266 -2.646 
-0.282 1.266 -2.646 
-0.282 1.266 -2.646 
-0.282 1.266 -2.646 
-0.282 1.266 -2.646 
-0.282 1.266 -2.646 
-0.282 1.266 -2.646 
-0.282 1.266 -2.646 
-0.282 1.266 -2.646 
-0.282 1.266 -2.646 
-0.282 1.266 -2.646 
-0.282 1.266 -2.646 
-0.282 1.266 -2.646 
-0.282 1.266 -2.646 
-0.282 1.266 -2.646 
-0.282 1.266 -2.646 
-0.282 1.266 -2.646 
-0.282 1.266 -2.646 
-0.282 1.266 -2.646 
-0.282 1.266 -2.646 
-0.282 1.266 -2.646 
-0.282 1.266 -2.646 
-0.282 1.266 -2.646 
-0.282 1.266 -2.646 
-0.282 1.266 -2.646 
-0.282 1.266 -2.646 
-0.282 1.266 -2.646 
-0.282 1.266 -2.646 
-0.282 1.266 -2.646 
-0.282 1.266 -2.646 
-0.282 1.266 -2.646 
-0.282 1.266 -2.646 
-0.282 1.266 -2.646 
-0.282 1.266 -2.646 
-0.282 1.266 -2.646 
-0.282 1.266 -2.646 
-0.282 1.266 -2.646 
-0.282 1.266 -2.646 
-0.282 1.266 -2.646 
-0.282 1.266 -2.646 
-0.282 1.266 -2.646 
-0.282 1.266 -2.646 
-0.282 1.266 -2.646 
-0.282 1.266 -2.646 
-0.282 1.266 -2.646 
-0.282 1.266 -2.646 
-0.282 1.266 -2.646 
-0.282 1.266 -2.646 
-0.282 1.266 -2.646 
-0.282 1.266 -2.646 
-0.282 1.266 -2.646 
-0.282 1.266 -2.646 
-0.282 1.266 -2.646 
-0.282 1.266 -2.646 
-0.282 1.266 -2.646 
-0.282 1.266 -2.646 
-0.282 1.266 -2.646 
-0.282 1.266 -2.646 
-0.282 1.266 -2.646 
-0.282 1.266 -2.646 
-0.282 1.266 -2.646 
-0.282 1.266 -2.646 
-0.282 1.266 -2.646 
-0.282 1.266 -2.646 
-0.282 1.266 -2.646 
-0.282 1.266 -2.646 
-0.282 1.266 -2.646 
-0.282 1.266 -2.646 
-0.282 1.266 -2.646 
-0.282 1.266 -2.646 
-0.282 1.266 -2.646 
-0.282 1.266 -2.646 
-0.282 1.266 -2.646 
-0.282 1.266 -2.646 
-0.282 1.266 -2.646 
-0.282 1.266 -2.646 
-0.282 1.266 -2.646 
-0.282 1.266 -2.646 
-0.282 1.266 -2.646 
-0.282 1.266 -2.646 
-0.282 1.266 -2.646 
-0.282 1.266 -2.646 
-0.282 1.266 -2.646 
-0.282 1.266 -2.646 
-0.282 1.266 -2.646 
-0.282 1.266 -2.646 
-0.282 1.266 -2.646 
-0.282 1.266 -2.646 
-0.282 1.266 -2.646 
-0.282 1.266 -2.646 
-0.282 1.266 -2.646 
-0.282 1.266 -2.646 
-0.282 1.266 -2.646 
-0.282 1.266 -2.646 
-0.282 1.266 -2.646 
-0.282 1.266 -2.646 
-0.282 1.266 -2.646 
-0.282 1.266 -2.646 
-0.282 1.266 -2.646 
-0.282 1.266 -2.646 
-0.282 1.266 -2.646 
-0.282 1.266 -2.646 
-0.282 1.266 -2.646 
-0.282 1.266 -2.646 
-0.282 1.266 -2.646 
-0.282 1.266 -2.646 
-0.282 1.266 -2.646 
-0.282 1.266 -2.646 
-0.282 1.266 -2.646 
-0.282 1.266 -2.646 
-0.282 1.266 -2.646 
-0.282 1.266 -2.646 
-0.282 1.266 -2.646 
-0.282 1.266 -2.646 
-0.282 1.266 -2.646 
-0.282 1.266 -2.646 
-0.282 1.266 -2.646 
-0.282 1.266 -2.646 
-0.282 1.266 -2.646 
-0.282 1.266 -2.646 
-0.282 1.266 -2.646 
-0.282 1.266 -2.646 
-0.282 1.266 -2.646 
-0.282 1.266 -2.646 
-0.282 1.266 -2.646 
-0.282 1.266 -2.646 
-0.282 1.266 -2.646 
-0.282 1.266 -2.646 
-0.282 1.266 -2.646 
-0.282 1.266 -2.646 
-0.282 1.266 -2.646 
-0.282 1.266 -2.646 
-0.282 1.266 -2.646 
-0.282 1.266 -2.646 
-0.282 1.266 -2.646 
-0.282 1.266 -2.646 
-0.282 1.266 -2.646 
-0.282 1.266 -2.646 
-0.282 1.266 -2.646 
-0.282 1.266 -2.646 
-0.282 1.266 -2.646 
-0.282 1.266 -2.646 
-0.282 1.266 -2.646 
-0.282 1.266 -2.646 
-0.282 1.266 -2.646 
-0.282 1.266 -2.646 
-0.282 1.266 -2.646 
-0.282 1.266 -2.646 
-0.282 1.266 -2.646 
-0.282 1.266 -2.646 
-0.282 1.266 -2.646 
-0.282 1.266 -2.646 
-0.282 1.266 -2.646 
-0.282 1.266 -2.646 
-0.282 1.266 -2.646 
-0.282 1.266 -2.646 
-0.282 1.266 -2.646 
-0.282 1.266 -2.646 
-0.282 1.266 -2.646 
-0.282 1.266 -2.646 
-0.282 1.266 -2.646 
-0.282 1.266 -2.646 
-0.282 1.266 -2.646 
-0.282 1.266 -2.646 
-0.282 1.266 -2.646 
-0.282 1.266 -2.646 
-0.282 1.266 -2.646 
-0.282 1.266 -2.646 
-0.282 1.266 -2.646 
-0.282 1.266 -2.646 
-0.282 1.266 -2.646 
-0.282 1.266 -2.646 
-0.282 1.266 -2.646 
-0.282 1.266 -2.646 
-0.282 1.266 -2.646 
-0.282 1.266 -2.646 
-0.282 1.266 -2.646 
-0.282 1.266 -2.646 
-0.282 1.266 -2.646 
-0.282 1.266 -2.646 
-0.282 1.266 -2.646 
-0.282 1.266 -2.646 
-0.282 1.266 -2.646 
-0.282 1.266 -2.646 
-0.282 1.266 -2.646 
-0.282 1.266 -2.646 
-0.282 1.266 -2.646 
-0.282 1.266 -2.646 
-0.282 1.266 -2.646 
-0.282 1.266 -2.646 
-0.282 1.266 -2.646 
-0.282 1.266 -2.646 
-0.282 1.266 -2.646 
-0.282 1.266 -2.646 
-0.282 1.266 -2.646 
-0.282 1.266 -2.646 
-0.282 1.266 -2.646 
-0.282 1.266 -2.646 
-0.282 1.266 -2.646 
-0.282 1.266 -2.646 
-0.282 1.266 -2.646 
-0.282 1.266 -2.646 
-0.282 1.266 -2.646 
-0.282 1.266 -2.646 
-0.282 1.266 -2.646 
-0.282 1.266 -2.646 
-0.282 1.266 -2.646 
-0.282 1.266 -2.646 
-0.282 1.266 -2.646 
-0.282 1.266 -2.646 
-0.282 1.266 -2.646 
-0.282 1.266 -2.646 
-0.282 1.266 -2.646 
-0.282 1.266 -2.646 
-0.282 1.266 -2.646 
-0.282 1.266 -2.646 
-0.282 1.266 -2.646 
-0.282 1.266 -2.646 
-0.282 1.266 -2.646 
-0.282 1.266 -2.646 
-0.282 1.266 -2.646 
-0.282 1.266 -2.646 
-0.282 1.266 -2.646 
-0.282 1.266 -2.646 
-0.282 1.266 -2.646 
-0.282 1.266 -2.646 
-0.282 1.266 -2.646 
-0.282 1.266 -2.646 
-0.282 1.266 -2.646 
-0.282 1.266 -2.646 
-0.282 1.266 -2.646 
-0.282 1.266 -2.646 
-0.282 1.266 -2.646 
-0.282 1.266 -2.646 
-0.282 1.266 -2.646 
-0.282 1.266 -2.646 
-0.282 1.266 -2.646 
-0.282 1.266 -2.646 
-0.282 1.266 -2.646 
-0.282 1.266 -2.646 
-0.282 1.266 -2.646 
-0.282 1.266 -2.646 
-0.282 1.266 -2.646 
-0.282 1.266 -2.646 
-0.282 1.266 -2.646 
-0.282 1.266 -2.646 
-0.282 1.266 -2.646 
-0.282 1.266 -2.646 
-0.282 1.266 -2.646 
-0.282 1.266 -2.646 
-0.282 1.266 -2.646 
-0.282 1.266 -2.646 
-0.282 1.266 -2.646 
-0.282 1.266 -2.646 
-0.282 1.266 -2.646 
-0.282 1.266 -2.646 
-0.282 1.266 -2.646 
-0.282 1.266 -2.646 
-0.282 1.266 -2.646 
-0.282 1.266 -2.646 
-0.282 1.266 -2.646 
-0.282 1.266 -2.646 
-0.282 1.266 -2.646 
-0.282 1.266 -2.646 
-0.282 1.266 -2.646 
-0.282 1.266 -2.646 
-0.282 1.266 -2.646 
-0.282 1.266 -2.646 
-0.282 1.266 -2.646 
-0.282 1.266 -2.646 
-0.282 1.266 -2.646 
-0.282 1.266 -2.646 
-0.282 1.266 -2.646 
-0.282 1.266 -2.646 
-0.282 1.266 -2.646 
-0.282 1.266 -2.646 
-0.282 1.266 -2.646 
-0.282 1.266 -2.646 
-0.282 1.266 -2.646 
-0.282 1.266 -2.646 
-0.282 1.266 -2.646 
-0.282 1.266 -2.646 
-0.282 1.266 -2.646 
-0.282 1.266 -2.646 
-0.282 1.266 -2.646 
-0.282 1.266 -2.646 
-0.282 1.266 -2.646 
-0.282 1.266 -2.646 
-0.282 1.266 -2.646 
-0.282 1.266 -2.646 
-0.282 1.266 -2.646 
-0.282 1.266 -2.646 
-0.282 1.266 -2.646 
-0.282 1.266 -2.646 
-0.282 1.266 -2.646 
-0.282 1.266 -2.646 
-0.282 1.266 -2.646 
-0.282 1.266 -2.646 
-0.282 1.266 -2.646 
-0.282 1.266 -2.646 
-0.282 1.266 -2.646 
-0.282 1.266 -2.646 
-0.282 1.266 -2.646 
-0.282 1.266 -2.646 
-0.282 1.266 -2.646 
-0.282 1.266 -2.646 
-0.282 1.266 -2.646 
-0.282 1.266 -2.646 
-0.282 1.266 -2.646 
-0.282 1.266 -2.646 
-0.282 1.266 -2.646 
-0.282 1.266 -2.646 
-0.282 1.266 -2.646 
-0.282 1.266 -2.646 
-0.282 1.266 -2.646 
-0.282 1.266 -2.646 
-0.282 1.266 -2.646 
-0.282 1.266 -2.646 
-0.282 1.266 -2.646 
-0.282 1.266 -2.646 
-0.282 1.266 -2.646 
-0.282 1.266 -2.646 
-0.282 1.266 -2.646 
-0.282 1.266 -2.646 
-0.282 1.266 -2.646 
-0.282 1.266 -2.646 
-0.282 1.266 -2.646 
-0.282 1.266 -2.646 
-0.282 1.266 -2.646 
-0.282 